"AL11AE",51.747348571859,-0.30026826935383
"AL11AG",51.744809957226,-0.32703443079254
"AL11AJ",51.744000186067,-0.3270064011779
"AL11AR",51.73907507572,-0.31588979708338
"AL11AS",51.748594326034,-0.33387797616807
"AL11BH",51.746372927289,-0.33640812866086
"AL11BT",51.749288115112,-0.33905383515648
"AL11BU",51.749234389734,-0.33907029472697
"AL11BX",51.748538619833,-0.33947251591711
"AL11BY",51.749408662,-0.33994770512106
"AL11BZ",51.749975304498,-0.33868089300592
"AL11DD",51.749805959079,-0.33878852837551
"AL11DG",51.747222266269,-0.34178090445544
"AL11DH",51.747040646733,-0.34038223676752
"AL11DQ",51.747155868192,-0.34089957648611
"AL11DS",51.731736160888,-0.3171040339597
"AL11DT",51.749567348606,-0.33844955646112
"AL11DU",51.730696961852,-0.31424610940241
"AL11DW",51.748817272115,-0.34009978525268
"AL11DX",51.73123316789,-0.30027919243893
"AL11DZ",51.73098550926,-0.30305469150209
"AL11EA",51.731327051008,-0.30491018733799
"AL11EB",51.732820741429,-0.3062157283474
"AL11EE",51.731604811692,-0.30671016284755
"AL11EG",51.730131786227,-0.30683763210681
"AL11EQ",51.730730409827,-0.30781456312091
"AL11ER",51.749899894432,-0.33779984662601
"AL11EU",51.74989520726,-0.33810428241602
"AL11EX",51.749650064454,-0.33793941729699
"AL11EY",51.749582844528,-0.33763762349579
"AL11EZ",51.749567348606,-0.33844955646112
"AL11HA",51.748727153382,-0.33881362430491
"AL11HB",51.748453017859,-0.33914242501958
"AL11HD",51.748399701783,-0.33918784567654
"AL11HE",51.748399701783,-0.33918784567654
"AL11HF",51.746660886241,-0.34023679194039
"AL11HG",51.749156956055,-0.338681945763
"AL11HH",51.743845494966,-0.33511025036483
"AL11HJ",51.745753853814,-0.33460545853865
"AL11HL",51.74627287522,-0.33378955046859
"AL11HN",51.746791163263,-0.33419062241511
"AL11HP",51.747212231892,-0.33979643188825
"AL11HQ",51.745411513855,-0.34092003092903
"AL11HR",51.745608031031,-0.34082590609134
"AL11HU",51.736830891334,-0.31178719128568
"AL11HW",51.746631056772,-0.33494987377426
"AL11HY",51.737461012769,-0.31308182209332
"AL11JA",51.743988162326,-0.32300846686577
"AL11JB",51.743091501929,-0.32382394979431
"AL11JD",51.744687869278,-0.32603933165128
"AL11JE",51.737794564134,-0.31376467471317
"AL11JG",51.742613044291,-0.3249571158254
"AL11JH",51.743023100273,-0.32155208961395
"AL11JJ",51.743999811223,-0.32067564648659
"AL11JL",51.744116980465,-0.321323212796
"AL11JN",51.744458652207,-0.32320834759256
"AL11JP",51.745583213934,-0.32197873624425
"AL11JQ",51.742074367622,-0.32123958359079
"AL11JR",51.744974289731,-0.32342104785648
"AL11JS",51.745476187036,-0.32330105230151
"AL11JT",51.740736175854,-0.31633503000817
"AL11JU",51.742212087503,-0.3214372865373
"AL11JW",51.744867046845,-0.32220809696804
"AL11LA",51.750301474202,-0.33694474716363
"AL11LB",51.749660901331,-0.33425889584323
"AL11LD",51.750060980169,-0.33583794386751
"AL11LE",51.749992729254,-0.33546374437766
"AL11LJ",51.749021609641,-0.33293498916644
"AL11LN",51.748283020695,-0.33158580214332
"AL11LR",51.747535222491,-0.33022251029154
"AL11LS",51.750555401759,-0.33709479756411
"AL11LT",51.737616930383,-0.31329328775237
"AL11LX",51.733171938502,-0.30437768166421
"AL11LZ",51.750519475051,-0.33773363095535
"AL11NB",51.748489458164,-0.33599712755093
"AL11ND",51.749410222387,-0.33751356464065
"AL11NE",51.748684125383,-0.33577264729978
"AL11NF",51.749019528508,-0.33532566395038
"AL11NG",51.749845703632,-0.33651233904906
"AL11NH",51.749257598003,-0.33689616179615
"AL11NJ",51.749135271316,-0.33778445426321
"AL11NL",51.748840704431,-0.3379401533415
"AL11NN",51.748540960649,-0.33645886077504
"AL11NP",51.750147880462,-0.33752994262756
"AL11NQ",51.750192231985,-0.33812235649684
"AL11NS",51.749370444039,-0.3347042403347
"AL11NU",51.745994716213,-0.32813516982289
"AL11NW",51.749567200935,-0.33526206013033
"AL11NX",51.748811436071,-0.33333391520532
"AL11PA",51.748184463671,-0.33287888471162
"AL11PB",51.748193136387,-0.33412455143673
"AL11PD",51.747807619525,-0.33357370093343
"AL11PF",51.747733762212,-0.33217107712739
"AL11PG",51.747181100826,-0.33124972258605
"AL11PJ",51.747058430781,-0.33021111849743
"AL11PL",51.746587060767,-0.32931577702709
"AL11PN",51.743984513569,-0.32590597771178
"AL11PP",51.745898390685,-0.32895002567033
"AL11PQ",51.747954359188,-0.33187318813932
"AL11PR",51.74632715206,-0.32874586248953
"AL11PS",51.746337446909,-0.32946986367854
"AL11PT",51.746564073943,-0.33022935000623
"AL11PU",51.746335932777,-0.33062892926941
"AL11PW",51.745792517242,-0.32846135973661
"AL11PX",51.750064596964,-0.33482359448422
"AL11QA",51.746594125057,-0.33044555731471
"AL11QB",51.747011290144,-0.33069095565468
"AL11QD",51.747031440559,-0.33211002123226
"AL11QE",51.747562106231,-0.3340173775743
"AL11QF",51.746923839435,-0.33276593626149
"AL11QH",51.748068983872,-0.33488250435992
"AL11QJ",51.748382959669,-0.33482749208322
"AL11QL",51.74913608892,-0.33403190069277
"AL11QN",51.748577642414,-0.33968840952477
"AL11QQ",51.747288189511,-0.33436067876833
"AL11QU",51.74649971544,-0.33013030974447
"AL11QW",51.7458702467,-0.33139944717441
"AL11RB",51.747586657246,-0.33892790989634
"AL11RD",51.747071410902,-0.33746905290071
"AL11RF",51.746925693562,-0.33606908704309
"AL11RG",51.747107920593,-0.33623624443629
"AL11RH",51.747688148842,-0.33783758336467
"AL11RJ",51.747471144044,-0.33648368056914
"AL11RL",51.747385704084,-0.33553061524242
"AL11RN",51.747863760617,-0.33626642160374
"AL11RP",51.748039897663,-0.33727411994461
"AL11RQ",51.747330610321,-0.33672065085702
"AL11RR",51.748259739168,-0.33819329256825
"AL11RS",51.748533279966,-0.33845853008758
"AL11RT",51.748234503852,-0.33577468651407
"AL11RU",51.748363653832,-0.33663923475934
"AL11RW",51.747675005638,-0.33627335775022
"AL11RX",51.746645251156,-0.33341365415039
"AL11RY",51.746488085438,-0.33247774090616
"AL11RZ",51.744743908861,-0.32997775535228
"AL11SD",51.745790230926,-0.33209779321592
"AL11SE",51.74491748544,-0.33143455730405
"AL11SF",51.743946763492,-0.32957254915657
"AL11SG",51.744628359539,-0.33070637073839
"AL11SH",51.744324614022,-0.32895015706395
"AL11SJ",51.74475548972,-0.32763041513543
"AL11SL",51.744938679261,-0.32723249539427
"AL11SN",51.74523758004,-0.32927864585336
"AL11SP",51.745256979574,-0.32748150744159
"AL11SQ",51.744183817325,-0.32853523189087
"AL11SR",51.745470510569,-0.32795170255136
"AL11SS",51.745980451243,-0.33029433542115
"AL11ST",51.744037947713,-0.33029352969748
"AL11SU",51.745435096668,-0.32735902946894
"AL11SW",51.745596494563,-0.32922194034063
"AL11SX",51.741588520606,-0.31870803732774
"AL11SZ",51.741082645736,-0.32043616158352
"AL11TA",51.741833482379,-0.31885829084692
"AL11TB",51.738376620938,-0.31672693449312
"AL11TD",51.738971564694,-0.31808092456994
"AL11TE",51.738903746423,-0.31711293041014
"AL11TF",51.737569958966,-0.31691624753826
"AL11TG",51.73654550469,-0.31696880054425
"AL11TH",51.738470787702,-0.31576741619686
"AL11TJ",51.739620525958,-0.3169269550849
"AL11TN",51.74081349951,-0.31985222283143
"AL11TP",51.739695676014,-0.31777880783053
"AL11TQ",51.737268027617,-0.31091629724001
"AL11TR",51.749384110751,-0.33439947724175
"AL11TS",51.733680840997,-0.30786366664983
"AL11TT",51.746750698652,-0.33768365753363
"AL11TU",51.746242664433,-0.33800654849248
"AL11TW",51.74050446229,-0.31899454170615
"AL11TX",51.746743594866,-0.33908922891072
"AL11TY",51.737403254732,-0.31783498383041
"AL11TZ",51.746817159657,-0.33221932921952
"AL11UA",51.737402140209,-0.31461940262626
"AL11UB",51.736975687418,-0.31498290299572
"AL11UD",51.734876970314,-0.31349670632992
"AL11UE",51.735308559003,-0.31411793818542
"AL11UF",51.735292392881,-0.31487171383904
"AL11UG",51.736239273581,-0.31505375231604
"AL11UH",51.734984391932,-0.31095800321803
"AL11UJ",51.734979522263,-0.3118706780499
"AL11UL",51.734576091361,-0.31195813273874
"AL11UN",51.733774933412,-0.31127829024719
"AL11UP",51.734175556299,-0.30911975753381
"AL11UQ",51.735930933037,-0.31299396485353
"AL11UR",51.734721782481,-0.30833171844564
"AL11UT",51.734857796888,-0.30965916536008
"AL11UU",51.735738608928,-0.31024911816249
"AL11UW",51.733358600621,-0.31046825146199
"AL11UX",51.736336330298,-0.31179114044187
"AL11UZ",51.732793382475,-0.31056174905011
"AL11WE",51.747348571859,-0.30026826935383
"AL11WZ",51.747348571859,-0.30026826935383
"AL11XB",51.734527225665,-0.3160733730366
"AL11XL",51.74716416229,-0.33766847734953
"AL11XT",51.747362169479,-0.33958810285919
"AL11XU",51.745477071063,-0.3398310791696
"AL12AA",51.740204421985,-0.34857089639957
"AL12AD",51.73938725395,-0.34929599131327
"AL12AE",51.73759481644,-0.35037525393546
"AL12AF",51.737032916196,-0.3519890259425
"AL12AH",51.738727559486,-0.35034848123347
"AL12AJ",51.740490590073,-0.34909643277743
"AL12AL",51.739701105182,-0.34795188904618
"AL12AN",51.738131927718,-0.34955901816643
"AL12AP",51.738425117147,-0.33528054125497
"AL12AQ",51.73851133438,-0.35160207397845
"AL12AR",51.744574553287,-0.33960340246368
"AL12AS",51.744314529438,-0.33520890074498
"AL12AT",51.744781064903,-0.33894390999033
"AL12AU",51.744141564816,-0.33633075190458
"AL12AW",51.744990472578,-0.33976199705386
"AL12AX",51.74440539626,-0.33908807368237
"AL12AY",51.744108181899,-0.33969293803656
"AL12AZ",51.743516124026,-0.33788932154568
"AL12BA",51.743902569379,-0.33660029567036
"AL12BB",51.74311378478,-0.33551380388342
"AL12BD",51.74238312983,-0.33662713623058
"AL12BE",51.742710778876,-0.33626742616534
"AL12BG",51.74273656208,-0.33364442941162
"AL12BH",51.743235026377,-0.33391581902243
"AL12BJ",51.742424434371,-0.33382975139897
"AL12BL",51.742532813589,-0.33259441980567
"AL12BN",51.743058656032,-0.33289376190533
"AL12BP",51.742083493742,-0.33388575449387
"AL12BQ",51.742475370176,-0.33488538291988
"AL12BS",51.74179956218,-0.33415695174472
"AL12BT",51.74318503816,-0.33483031438723
"AL12BW",51.742297524075,-0.33312459104042
"AL12BX",51.744775377011,-0.34045077762459
"AL12BY",51.744563861644,-0.33376551617287
"AL12DJ",51.74479250313,-0.34549166265464
"AL12DL",51.744647094436,-0.34346878784401
"AL12DN",51.744903265829,-0.34122839622763
"AL12DP",51.743899387908,-0.33891830510474
"AL12DS",51.743998707024,-0.34340558665337
"AL12DT",51.743070829299,-0.34520689073548
"AL12DU",51.743857932074,-0.34490287761562
"AL12DX",51.744247913449,-0.34449747622299
"AL12EA",51.742203828931,-0.34622363937288
"AL12ED",51.740247120047,-0.33566262316292
"AL12EF",51.73806820129,-0.32977488587607
"AL12EN",51.741398943523,-0.33380953770657
"AL12EP",51.739514122035,-0.33216960055816
"AL12EQ",51.747348571859,-0.30026826935383
"AL12ER",51.740488149076,-0.33236550148508
"AL12ES",51.740868775771,-0.33067112449315
"AL12ET",51.739159410088,-0.33125560260824
"AL12EW",51.74106098812,-0.33280795695069
"AL12EX",51.736851004646,-0.32892172700416
"AL12EY",51.737774942645,-0.33065479332386
"AL12EZ",51.736375447451,-0.32899721005055
"AL12HA",51.735510198371,-0.32633507633109
"AL12HE",51.735125227061,-0.32708798692843
"AL12HH",51.735272316238,-0.32289665245153
"AL12HJ",51.735168405814,-0.32949074469729
"AL12HL",51.73374818148,-0.33333782123427
"AL12HN",51.734288614286,-0.33213026826109
"AL12HP",51.736090953141,-0.33175973075013
"AL12HQ",51.73447274356,-0.32547541157531
"AL12HR",51.736458739369,-0.33042809888902
"AL12HS",51.7359739229,-0.32985211288358
"AL12HT",51.735650070019,-0.32921226505754
"AL12HU",51.736694758702,-0.33121604837098
"AL12HW",51.734752251886,-0.33121519413587
"AL12HX",51.738414874565,-0.33202177461238
"AL12HY",51.737945986398,-0.33130031110151
"AL12HZ",51.739252896192,-0.33277311989433
"AL12JA",51.740406120746,-0.33355635098951
"AL12JB",51.74067581533,-0.33418380230857
"AL12JD",51.738778158034,-0.33290647768513
"AL12JE",51.737825138372,-0.33228973642662
"AL12JF",51.739597035912,-0.33929339109625
"AL12JG",51.73993677669,-0.3404252919403
"AL12JH",51.737619737339,-0.33365887334212
"AL12JJ",51.738987855452,-0.33437625575302
"AL12JL",51.738741927625,-0.33479088532702
"AL12JN",51.739524156113,-0.33541396852764
"AL12JP",51.73836814631,-0.33570270210079
"AL12JR",51.738473840972,-0.33745151455974
"AL12JS",51.738947175172,-0.33785421104531
"AL12JT",51.739165799301,-0.3393236893178
"AL12JU",51.740374965246,-0.34088726242621
"AL12JW",51.738887863125,-0.3362050720272
"AL12JX",51.738698609205,-0.33935530516275
"AL12JY",51.737856663081,-0.33641677234957
"AL12JZ",51.737800613802,-0.33499931277321
"AL12LA",51.73718558045,-0.33602136524507
"AL12LB",51.737558872488,-0.33761546391818
"AL12LD",51.736659192041,-0.33695322795391
"AL12LE",51.73697137535,-0.33804259592986
"AL12LF",51.736094299802,-0.33580073776943
"AL12LG",51.735127510147,-0.33738604885939
"AL12LH",51.736383942682,-0.33529762515792
"AL12LJ",51.735756604319,-0.33545103950067
"AL12LL",51.735264464866,-0.33499115057648
"AL12LN",51.734458861434,-0.33652707906367
"AL12LP",51.734053434295,-0.33838139481522
"AL12LQ",51.735287071194,-0.33785816648642
"AL12LR",51.737038529132,-0.33326020168358
"AL12LS",51.736767120075,-0.33441446890969
"AL12LT",51.7349533217,-0.33461152041671
"AL12LU",51.73462912573,-0.33457998825346
"AL12LW",51.735082131931,-0.33672145009163
"AL12LX",51.735258062592,-0.33390508071902
"AL12LY",51.735730086089,-0.33294624383873
"AL12LZ",51.735743638245,-0.3339017040001
"AL12NA",51.736132965991,-0.33345285259162
"AL12NE",51.737776100725,-0.34089555553342
"AL12NF",51.741403934975,-0.34179115651449
"AL12NG",51.741132445651,-0.34230810515299
"AL12NH",51.739414849719,-0.34231303244755
"AL12NJ",51.738291912679,-0.34112290581442
"AL12NL",51.736979990636,-0.33928795651724
"AL12NN",51.737286835317,-0.34000094115796
"AL12NP",51.735102875033,-0.34073275981995
"AL12NQ",51.738711913103,-0.3409337002834
"AL12NR",51.734388869658,-0.33857186322262
"AL12NS",51.736169226489,-0.34109925836261
"AL12NT",51.735727777651,-0.3416803102297
"AL12NU",51.73465426614,-0.34016983818164
"AL12NW",51.736858878207,-0.34090018465871
"AL12NX",51.733462093652,-0.34171980414363
"AL12NY",51.734158897512,-0.34202742058089
"AL12NZ",51.7347513134,-0.34194780123394
"AL12PA",51.736000900772,-0.34255385265999
"AL12PB",51.737372037778,-0.34221398276551
"AL12PD",51.737841676551,-0.34299346143051
"AL12PE",51.737239652125,-0.34366729716595
"AL12PF",51.738523357853,-0.34350447017782
"AL12PG",51.738299879648,-0.34296221274658
"AL12PH",51.741643345186,-0.34346277750786
"AL12PJ",51.741250108379,-0.34299912481093
"AL12PL",51.738763719597,-0.33379060590571
"AL12PN",51.736761236725,-0.34226530783564
"AL12PP",51.738710663555,-0.34467091722718
"AL12PQ",51.739341918775,-0.34288063099336
"AL12PS",51.74384549512,-0.34083254067336
"AL12PT",51.741034064848,-0.34745420064153
"AL12PU",51.740079512762,-0.34608392974776
"AL12PW",51.736715885867,-0.34160067961476
"AL12PX",51.740138104545,-0.34705232584567
"AL12PY",51.738252239849,-0.34532501244742
"AL12QA",51.738212862422,-0.34891872932554
"AL12QB",51.737983995105,-0.34607354350585
"AL12QD",51.736731502494,-0.34717664944276
"AL12QE",51.736796324645,-0.34539268542525
"AL12QF",51.735483447955,-0.34348528722436
"AL12QG",51.73556595166,-0.34487274847332
"AL12QH",51.735043384332,-0.34544223446169
"AL12QJ",51.734125300755,-0.34666343110293
"AL12QL",51.733537410497,-0.34578691133223
"AL12QN",51.734073144061,-0.34807025060029
"AL12QP",51.735682710471,-0.34741769861293
"AL12QQ",51.736178368007,-0.34557458725226
"AL12QR",51.734972841387,-0.35065903496947
"AL12QS",51.741294625679,-0.34424329064976
"AL12QT",51.742268033195,-0.34375862465508
"AL12QU",51.743873284943,-0.3421643093005
"AL12QW",51.735316861655,-0.34698204025551
"AL12QY",51.736914556083,-0.34676440136555
"AL12QZ",51.740321958257,-0.33713741280694
"AL12RA",51.73429472,-0.33954572792886
"AL12RB",51.734379488664,-0.33918052609013
"AL12RD",51.742941967181,-0.34180726934775
"AL12RE",51.743151758805,-0.34329170498661
"AL12RH",51.739437294851,-0.34454296111834
"AL12RJ",51.741258873068,-0.33979740312863
"AL12RW",51.743873284943,-0.3421643093005
"AL12WA",51.747348571859,-0.30026826935383
"AL12WG",51.747348571859,-0.30026826935383
"AL12ZD",51.747348571859,-0.30026826935383
"AL12ZY",51.747348571859,-0.30026826935383
"AL13AA",51.752366502996,-0.33607195846867
"AL13AB",51.747659985943,-0.3263496000428
"AL13AE",51.746340853144,-0.3271806930781
"AL13AF",51.747569775281,-0.32696143169314
"AL13AG",51.748255565337,-0.32712443682246
"AL13AH",51.749659593691,-0.32720295465717
"AL13AJ",51.74813273859,-0.32670881734167
"AL13AL",51.752010197301,-0.33250616573563
"AL13AP",51.747404653219,-0.32989410252468
"AL13AQ",51.748881734929,-0.32752146449126
"AL13AR",51.748205984337,-0.32932847876357
"AL13AT",51.749059800551,-0.32865947767636
"AL13AU",51.749433539527,-0.32964539472318
"AL13AW",51.746326831881,-0.3261960526425
"AL13AX",51.749710456107,-0.33077978510723
"AL13AY",51.749392573437,-0.32866168127363
"AL13AZ",51.74959491723,-0.32961046326336
"AL13BA",51.749457755066,-0.33071665921265
"AL13BB",51.748931970132,-0.33105479147495
"AL13BD",51.746900930608,-0.3267253660019
"AL13BE",51.749354769225,-0.3304306847325
"AL13BG",51.74876709546,-0.33084354334906
"AL13BH",51.749085465749,-0.32983209895443
"AL13BL",51.749095884092,-0.32803513974406
"AL13BP",51.747816326159,-0.32848805955549
"AL13BQ",51.749245814402,-0.32972476365428
"AL13BS",51.748002476576,-0.32893031993461
"AL13BT",51.747538585422,-0.32919373775909
"AL13BU",51.747206357757,-0.32859750591358
"AL13BW",51.748428560184,-0.32853789763918
"AL13BX",51.746962510614,-0.32915704493964
"AL13BY",51.746818625136,-0.32852489247626
"AL13BZ",51.746487218322,-0.3279865952353
"AL13DB",51.746659947733,-0.32432930815936
"AL13DG",51.74944114762,-0.32828318397532
"AL13DH",51.752260753274,-0.33749581720031
"AL13DP",51.752710346496,-0.33685625041388
"AL13DQ",51.757526902737,-0.33152039695415
"AL13DR",51.747348571859,-0.30026826935383
"AL13DU",51.753036764918,-0.33640956488699
"AL13DX",51.746326831881,-0.3261960526425
"AL13DY",51.753234713078,-0.33641677992896
"AL13EA",51.753497596251,-0.33592895185437
"AL13EB",51.752957715061,-0.33654287759361
"AL13ED",51.753720253424,-0.33577586673291
"AL13EG",51.754249705794,-0.3350608737746
"AL13EH",51.75747671768,-0.32672566298999
"AL13EJ",51.755094360383,-0.33437773601741
"AL13EL",51.757509806076,-0.33221660463898
"AL13EN",51.754809197489,-0.33456211337634
"AL13EP",51.755094360383,-0.33437773601741
"AL13ER",51.750809614426,-0.33218816217303
"AL13ES",51.755878806715,-0.33452275706404
"AL13ET",51.755636488324,-0.33392306851871
"AL13EU",51.755794787009,-0.33367090071443
"AL13EW",51.75530843763,-0.33425393438307
"AL13EY",51.756882322514,-0.33299325825241
"AL13EZ",51.749030643064,-0.32913867411836
"AL13FH",51.754505852417,-0.33473266704821
"AL13FJ",51.747516819507,-0.32513789971269
"AL13FL",51.746151332186,-0.32460890764827
"AL13FN",51.754030702107,-0.32660672020055
"AL13FP",51.754013050738,-0.3259987891387
"AL13FR",51.752874100931,-0.32685233290761
"AL13FS",51.754256680744,-0.32858351816641
"AL13FT",51.754079850092,-0.32753227004576
"AL13FU",51.745968882563,-0.32442732100491
"AL13FW",51.754154560431,-0.32709480573231
"AL13FX",51.754302163618,-0.32798774151449
"AL13FZ",51.746391646472,-0.32380319466645
"AL13GA",51.747348571859,-0.30026826935383
"AL13GF",51.753463313499,-0.32907648980577
"AL13GG",51.753234164926,-0.326244940894
"AL13GH",51.753058608558,-0.32717877806637
"AL13GJ",51.753919994123,-0.32830614925612
"AL13GL",51.753358849507,-0.32679094587533
"AL13GP",51.753873891747,-0.3288584732844
"AL13GQ",51.753767858188,-0.32709460734177
"AL13GR",51.753802449954,-0.32762945953004
"AL13GS",51.75368444446,-0.3281844384851
"AL13GT",51.753715287438,-0.32656042060783
"AL13GU",51.753429063619,-0.32793305236587
"AL13GW",51.747238501204,-0.32453970270344
"AL13GX",51.746999337601,-0.32353440387663
"AL13HA",51.757020532301,-0.33195930404726
"AL13HB",51.756431826705,-0.33229979875891
"AL13HD",51.756148722293,-0.33262902665898
"AL13HE",51.755899926476,-0.33284106134153
"AL13HF",51.7551012497,-0.3335949997549
"AL13HG",51.754519884518,-0.33381926603341
"AL13HJ",51.747348571859,-0.30026826935383
"AL13HL",51.750992109359,-0.33618043183754
"AL13HP",51.754165760653,-0.32535557559476
"AL13HR",51.750958298303,-0.3344284943221
"AL13HS",51.751477920719,-0.33682908233461
"AL13HT",51.75139295594,-0.33717994536638
"AL13HU",51.75153390021,-0.33697191841894
"AL13HZ",51.750807505551,-0.33394141466293
"AL13JB",51.75138065773,-0.3363110435911
"AL13JD",51.751540224133,-0.33678332551365
"AL13JE",51.752929202899,-0.33452985384763
"AL13JG",51.751765137317,-0.33678955139197
"AL13JJ",51.751588995508,-0.33578177243746
"AL13JL",51.751822859684,-0.33515013204474
"AL13JQ",51.750546554876,-0.33583458313753
"AL13JS",51.751783330591,-0.33363020320418
"AL13JU",51.751783330591,-0.33363020320418
"AL13JW",51.75114007327,-0.33392917528398
"AL13JX",51.752185340286,-0.33344153100097
"AL13LA",51.751822859684,-0.33515013204474
"AL13LB",51.751822859684,-0.33515013204474
"AL13LD",51.75245610578,-0.33477909302118
"AL13LE",51.752138923948,-0.33587747103239
"AL13LF",51.751836019091,-0.33671450029112
"AL13LH",51.75231523862,-0.3362622066347
"AL13LJ",51.752205738406,-0.33615031516291
"AL13LP",51.753075518759,-0.33533589772581
"AL13LQ",51.752345692202,-0.33333420080873
"AL13LW",51.752462093429,-0.33583661165022
"AL13LX",51.753208086803,-0.33517163464333
"AL13LY",51.752046819004,-0.33635900842221
"AL13LZ",51.750904717091,-0.33699503185126
"AL13NA",51.753269773986,-0.33508242689283
"AL13NF",51.753889926378,-0.33442205564803
"AL13NG",51.753529453328,-0.32866833041061
"AL13NL",51.753275437179,-0.331677106765
"AL13NN",51.753275437179,-0.331677106765
"AL13NP",51.75357861931,-0.33466534925112
"AL13NR",51.75280808987,-0.32663742729697
"AL13NS",51.752971291939,-0.32989158779572
"AL13NT",51.746824221709,-0.32323664432741
"AL13NU",51.752338061972,-0.33026269922631
"AL13NX",51.746990036061,-0.3241432376357
"AL13NZ",51.757401648983,-0.32461272716914
"AL13PB",51.753478409799,-0.3257142727659
"AL13PD",51.754569085939,-0.32589128385342
"AL13PE",51.755324513575,-0.32589232457707
"AL13PF",51.755362026314,-0.32536927843265
"AL13PG",51.754657638874,-0.32516349400732
"AL13PH",51.755925457584,-0.32704384408579
"AL13PJ",51.756089636202,-0.32657407175298
"AL13PL",51.756247416912,-0.3256553177135
"AL13PN",51.757651569073,-0.32384993048768
"AL13PP",51.75643277456,-0.32477900903148
"AL13PQ",51.755083295698,-0.32474201182348
"AL13PR",51.756367693618,-0.3239989122831
"AL13PS",51.757005138255,-0.32329422831189
"AL13PT",51.757649606271,-0.3230819666366
"AL13PW",51.755986963401,-0.32567944323761
"AL13PX",51.757069604307,-0.32403088464403
"AL13PY",51.757381177023,-0.32570032248174
"AL13PZ",51.756771752493,-0.32837471382883
"AL13QA",51.75738695406,-0.32610586145178
"AL13QB",51.757002314972,-0.32625050627442
"AL13QD",51.757543017436,-0.32759268473949
"AL13QE",51.757561279086,-0.32824411482193
"AL13QF",51.757522723895,-0.32869476633562
"AL13QG",51.757476896005,-0.32989922741169
"AL13QH",51.756514255767,-0.32923918603314
"AL13QJ",51.757040651987,-0.3289444244726
"AL13QL",51.756265651305,-0.32756742967517
"AL13QN",51.75587160973,-0.32768342427459
"AL13QP",51.755558746239,-0.32844849370196
"AL13QQ",51.757158256981,-0.33025877132816
"AL13QR",51.756222100193,-0.32893117317194
"AL13QS",51.757348020987,-0.32526681436571
"AL13QT",51.755080022688,-0.32766919937978
"AL13QU",51.755263574808,-0.32856082767787
"AL13QW",51.756285561154,-0.32833470697447
"AL13QX",51.756979387224,-0.3259035692822
"AL13QY",51.755932003579,-0.32876799516671
"AL13QZ",51.75482150085,-0.32846122927489
"AL13RB",51.751699850352,-0.32649003212925
"AL13RD",51.750813804823,-0.32742110852902
"AL13RE",51.756842157832,-0.32953139251911
"AL13RF",51.751541111225,-0.32797380826627
"AL13RG",51.751895821425,-0.32698991664545
"AL13RH",51.750056315176,-0.32727522864599
"AL13RL",51.753100485756,-0.33075620842016
"AL13RP",51.753810013253,-0.33385988581519
"AL13RQ",51.752385392105,-0.32789915514659
"AL13RR",51.753831535287,-0.33220723177609
"AL13RT",51.752325729968,-0.32623506134317
"AL13RU",51.753752579949,-0.33107992136956
"AL13RW",51.753300867769,-0.33283535731663
"AL13RY",51.754083912922,-0.33098076457903
"AL13RZ",51.754465534901,-0.3312564976718
"AL13SA",51.754008650374,-0.33011413502654
"AL13SB",51.754692854458,-0.33079891797628
"AL13SD",51.755473366591,-0.33256696193946
"AL13SE",51.750301009051,-0.32867161023937
"AL13SF",51.755896994876,-0.33200070995359
"AL13SH",51.756623608102,-0.3318724958814
"AL13SJ",51.756603309926,-0.33107624412209
"AL13SL",51.75581756106,-0.33020679594543
"AL13SN",51.750301009051,-0.32867161023937
"AL13SP",51.754716667515,-0.32994311187069
"AL13SQ",51.756726590747,-0.33215851927007
"AL13SR",51.754468354479,-0.32892346745955
"AL13ST",51.754508401845,-0.32731357218389
"AL13SW",51.75540862644,-0.33054067355052
"AL13SY",51.750261142285,-0.3283977933091
"AL13TA",51.749996200664,-0.32684278583814
"AL13TB",51.749805959161,-0.32800891572226
"AL13TE",51.749806292109,-0.32740037649052
"AL13TF",51.748676212768,-0.3244575206982
"AL13TG",51.750144644339,-0.32969160186657
"AL13TH",51.749654188388,-0.32808696434712
"AL13TJ",51.750491756657,-0.3300699966153
"AL13TL",51.750432681559,-0.32970995240817
"AL13TT",51.750187999942,-0.32831356087338
"AL13TU",51.750919968241,-0.33045989526654
"AL13TW",51.750432681559,-0.32970995240817
"AL13TX",51.750819314019,-0.32907265781896
"AL13UA",51.751829226763,-0.33052778712009
"AL13UB",51.751752459316,-0.33652920899197
"AL13UD",51.751203748638,-0.3308116590007
"AL13UF",51.752929202899,-0.33452985384763
"AL13UG",51.757426036247,-0.32380031819089
"AL13UH",51.75065490594,-0.33142594470908
"AL13UJ",51.751283059143,-0.3313303459854
"AL13UL",51.752331811447,-0.33108883356486
"AL13UN",51.751423024099,-0.33168741795622
"AL13UQ",51.752200832945,-0.33073142493793
"AL13UR",51.751314245851,-0.33289403129506
"AL13UT",51.751605928888,-0.33253554634616
"AL13UU",51.752768037682,-0.33204355928337
"AL13UW",51.750866473731,-0.33302643333147
"AL13WA",51.749660901331,-0.33425889584323
"AL13WH",51.747348571859,-0.30026826935383
"AL13WR",51.747348571859,-0.30026826935383
"AL13WZ",51.75108142063,-0.33359808378334
"AL13XB",51.750351359672,-0.33411757956512
"AL13XF",51.750110317324,-0.33424235991646
"AL13XG",51.749994245094,-0.33366707930907
"AL13XH",51.750418595095,-0.33188381122455
"AL13XL",51.749768558826,-0.33170492079141
"AL13XQ",51.750292454188,-0.3331345031757
"AL13XR",51.750002195529,-0.33105880424502
"AL13XS",51.750371134694,-0.32917613336338
"AL13XT",51.75008176687,-0.33222946510147
"AL13XU",51.749504307811,-0.33272886271081
"AL13XW",51.749262540802,-0.33153521624067
"AL13XX",51.750643861311,-0.33128146180417
"AL13XY",51.747348571859,-0.30026826935383
"AL13XZ",51.750643672904,-0.3376131587273
"AL13YD",51.751009736091,-0.33742584713878
"AL13YE",51.751372547361,-0.33764435008792
"AL13YH",51.751597228401,-0.33699857055985
"AL13YJ",51.750885562673,-0.33818383883005
"AL13YL",51.747348571859,-0.30026826935383
"AL13YN",51.751304123039,-0.33789317908786
"AL13YQ",51.751535334765,-0.33707329063787
"AL13YR",51.747348571859,-0.30026826935383
"AL13YS",51.751044636217,-0.33671459867886
"AL13YT",51.75280808987,-0.32663742729697
"AL13ZJ",51.747348571859,-0.30026826935383
"AL13ZT",51.747348571859,-0.30026826935383
"AL13ZW",51.747348571859,-0.30026826935383
"AL13ZX",51.747348571859,-0.30026826935383
"AL14AA",51.757911486626,-0.33073817892113
"AL14AB",51.75903859357,-0.32968218876884
"AL14AD",51.75995478094,-0.32960489783644
"AL14AE",51.759733840985,-0.32861311072173
"AL14AG",51.761955263327,-0.32609630243839
"AL14AH",51.764860762219,-0.32236542622224
"AL14AJ",51.765048046478,-0.32099608114676
"AL14AL",51.7631135357,-0.3234447151968
"AL14AN",51.761622193693,-0.32544196663953
"AL14AP",51.760491500637,-0.32687505355489
"AL14AQ",51.763191533577,-0.32449981650436
"AL14AR",51.759414718931,-0.32830607654088
"AL14AS",51.758693127083,-0.32941959890001
"AL14AT",51.759734875001,-0.3305839726891
"AL14AU",51.757675179421,-0.33119612324641
"AL14AX",51.758838243823,-0.33013882349103
"AL14BA",51.759293077113,-0.32923804322774
"AL14BE",51.759635247224,-0.31102358794977
"AL14BG",51.762096101845,-0.31142449238482
"AL14BH",51.759688587231,-0.31035496844341
"AL14BJ",51.759212690687,-0.30915542654721
"AL14BL",51.759583316677,-0.30866334656998
"AL14BN",51.759453769745,-0.30716103460474
"AL14BP",51.758543546074,-0.31015136117699
"AL14BQ",51.761562088039,-0.31056037452465
"AL14BS",51.758475004863,-0.30976264873024
"AL14BT",51.758430177117,-0.32737151244842
"AL14BW",51.759054534073,-0.30691511697403
"AL14BY",51.75858132857,-0.32724999384068
"AL14DA",51.759259434458,-0.32371792239227
"AL14DB",51.761765812864,-0.3229004517939
"AL14DD",51.760698377321,-0.32246176705116
"AL14DF",51.758040736732,-0.32528465559369
"AL14DG",51.758019107263,-0.32692298068783
"AL14DH",51.759102590468,-0.32533231261574
"AL14DJ",51.759428866007,-0.3242478442029
"AL14DL",51.759890984573,-0.32449158811691
"AL14DN",51.759965051015,-0.32527141364597
"AL14DP",51.758591263511,-0.32668445614659
"AL14DQ",51.758473503197,-0.32599321739753
"AL14DS",51.758369526669,-0.32753316021496
"AL14DU",51.747348571859,-0.30026826935383
"AL14DW",51.759503323249,-0.32631742119239
"AL14DX",51.758099636038,-0.32436951809129
"AL14DY",51.757915118389,-0.32846290616328
"AL14DZ",51.757887475405,-0.32968119814867
"AL14EA",51.758120553265,-0.32962912195995
"AL14EB",51.758767974923,-0.32835894893423
"AL14ED",51.75872584029,-0.32792575746342
"AL14EE",51.760224771002,-0.32582699333592
"AL14EF",51.759779242841,-0.32737961990073
"AL14EJ",51.759760976125,-0.32672815837081
"AL14EL",51.761513315573,-0.32411268644821
"AL14EP",51.760572844787,-0.32185774827421
"AL14ER",51.763565102656,-0.32168880583363
"AL14ES",51.763800750855,-0.32118729573828
"AL14ET",51.760627694763,-0.32129051800318
"AL14EU",51.758479594585,-0.32074706129102
"AL14EW",51.758213697472,-0.32353928329778
"AL14EX",51.75851136896,-0.31919528780561
"AL14EY",51.758996593428,-0.31477179077121
"AL14EZ",51.758643176675,-0.31145188472102
"AL14FH",51.751776766502,-0.31488119564906
"AL14FJ",51.761114007297,-0.32448978328408
"AL14FL",51.751614226344,-0.32111765897926
"AL14FQ",51.747348571859,-0.30026826935383
"AL14GL",51.751884889927,-0.31426861491542
"AL14HA",51.757682271401,-0.31154570015211
"AL14HD",51.758539853172,-0.31239769114255
"AL14HE",51.758183396969,-0.31325148665386
"AL14HF",51.757021470044,-0.31249778063527
"AL14HG",51.758291566001,-0.31452270527522
"AL14HH",51.757518521504,-0.31517461681999
"AL14HJ",51.757319202468,-0.31632683852533
"AL14HL",51.758045659829,-0.31744463359256
"AL14HN",51.758003596231,-0.3195329557335
"AL14HQ",51.757158427454,-0.3145214303723
"AL14HW",51.75805882352,-0.32213935552416
"AL14HY",51.751589553725,-0.32379909756777
"AL14JA",51.750939486345,-0.32109921511758
"AL14JB",51.75117371794,-0.32301758975356
"AL14JD",51.751119548473,-0.32048399214446
"AL14JE",51.751321222265,-0.32075180541197
"AL14JG",51.751858638213,-0.31557363990685
"AL14JH",51.75180564094,-0.3200383451963
"AL14JL",51.75169765917,-0.31940482082918
"AL14JP",51.753245113374,-0.3175651173428
"AL14JR",51.753122667513,-0.3171784432977
"AL14JS",51.752135275417,-0.31667903791237
"AL14JT",51.753000702376,-0.31619767251734
"AL14JU",51.753049028441,-0.31580465044371
"AL14JW",51.752441692537,-0.31860924959395
"AL14JX",51.752222380802,-0.31522684579408
"AL14JY",51.752279691904,-0.31483349493518
"AL14JZ",51.75307065582,-0.31480404935246
"AL14LA",51.75299314207,-0.31441571100501
"AL14LB",51.752114636344,-0.31398475894823
"AL14LE",51.752891000947,-0.31356461927553
"AL14LF",51.752598181632,-0.31321328692653
"AL14LG",51.751864730688,-0.31286389187302
"AL14LH",51.751667988281,-0.31043701180012
"AL14LJ",51.751691204792,-0.3101753366281
"AL14LQ",51.751897481912,-0.31076170338042
"AL14LR",51.751799425188,-0.31395303073211
"AL14LS",51.751919272338,-0.3154119999503
"AL14LU",51.75179427465,-0.31735823012132
"AL14LW",51.751505617753,-0.31290625433734
"AL14LX",51.752310523143,-0.31071731097279
"AL14NE",51.751422277039,-0.32153047714707
"AL14NF",51.753045030578,-0.32244112225549
"AL14NG",51.752777077384,-0.31942270520552
"AL14NH",51.755141193046,-0.31934941985896
"AL14NJ",51.755730754379,-0.32158806950306
"AL14NL",51.755372878973,-0.32171726430769
"AL14NN",51.755916667353,-0.31949451385864
"AL14NP",51.757209938564,-0.31937403929145
"AL14NQ",51.75562013636,-0.31888242714532
"AL14NR",51.757254502628,-0.32060413097175
"AL14NS",51.757244182995,-0.32114068570407
"AL14NT",51.756209706699,-0.32112109404654
"AL14NU",51.756357323715,-0.31760883309685
"AL14NW",51.757209604293,-0.318721951204
"AL14NX",51.756268266913,-0.315786299471
"AL14NY",51.756244486518,-0.31287452928358
"AL14NZ",51.755899069198,-0.3113658796457
"AL14PA",51.755904389868,-0.31298864134354
"AL14PB",51.755315035138,-0.31641588043662
"AL14PD",51.756038722929,-0.31796845359411
"AL14PF",51.757911589286,-0.3212753333443
"AL14PL",51.754805998447,-0.32169481204633
"AL14PN",51.754560505998,-0.31773357972996
"AL14PP",51.754208094892,-0.31573254422782
"AL14PR",51.754983485939,-0.31461691060348
"AL14PS",51.753970119904,-0.31669774496943
"AL14PT",51.753860106857,-0.31529630077247
"AL14PU",51.754077445879,-0.31352041617882
"AL14PW",51.754148083654,-0.31782135817371
"AL14PX",51.753796472759,-0.31399456582757
"AL14PY",51.753746269032,-0.31175048209371
"AL14PZ",51.755063540669,-0.31204912102892
"AL14QA",51.754010505224,-0.31136388399632
"AL14QB",51.754875319719,-0.31021586078913
"AL14QD",51.757284122816,-0.31074904857918
"AL14QE",51.758158303195,-0.31025269406538
"AL14QF",51.756941147803,-0.3100372969581
"AL14QG",51.756991773752,-0.30918043357762
"AL14QH",51.75340232833,-0.30972023148904
"AL14QJ",51.752415708951,-0.30990196795673
"AL14QL",51.753014136936,-0.3102418696359
"AL14QN",51.753261113695,-0.31178306641473
"AL14QQ",51.754886214639,-0.30972278066742
"AL14QR",51.758654909067,-0.31101669902487
"AL14QU",51.760084849719,-0.31980348231954
"AL14QW",51.753047685051,-0.31195041408175
"AL14QX",51.762475594599,-0.31907703093234
"AL14QY",51.764354134533,-0.31900724602968
"AL14QZ",51.765685140359,-0.31963900691956
"AL14RA",51.766042391058,-0.31946630562858
"AL14RB",51.765024359071,-0.31431539750721
"AL14RD",51.763375054732,-0.30905786826089
"AL14RE",51.761940348648,-0.3074738096799
"AL14RF",51.763191066117,-0.3100212853555
"AL14RG",51.763749846061,-0.31260919745571
"AL14RH",51.765444556063,-0.31790869044007
"AL14RJ",51.76334773783,-0.31843592334162
"AL14RL",51.760031416686,-0.3192112930971
"AL14RQ",51.764815646967,-0.31543917765793
"AL14RS",51.759291973665,-0.31844170715073
"AL14RT",51.760266509715,-0.31615921983631
"AL14RU",51.761486893677,-0.31534570776736
"AL14RX",51.761922329634,-0.31247444707141
"AL14RY",51.761338570462,-0.31440922007932
"AL14RZ",51.760453206805,-0.31350020632716
"AL14SA",51.760530698674,-0.31138145758937
"AL14SB",51.76015065693,-0.31184489270329
"AL14SD",51.759885122439,-0.31527490726982
"AL14SE",51.760651966359,-0.31795640614724
"AL14SF",51.762352057315,-0.3173569801374
"AL14SG",51.76415744542,-0.31720288438032
"AL14SH",51.76354368061,-0.31579088755325
"AL14SJ",51.763364807375,-0.31523231437067
"AL14SL",51.76208413917,-0.31685969836554
"AL14SN",51.76068736929,-0.31728844728081
"AL14SQ",51.76392444201,-0.31663181866965
"AL14SU",51.750990365234,-0.30959295343186
"AL14SW",51.759193178074,-0.31782223236844
"AL14SY",51.751593408177,-0.30962839234466
"AL14SZ",51.752200439332,-0.30931593425943
"AL14TA",51.752547694146,-0.3078250206593
"AL14TB",51.751983731632,-0.30800548644263
"AL14TF",51.752056092182,-0.30678566447612
"AL14TG",51.752402457913,-0.30648291672856
"AL14TH",51.752755315789,-0.30538298681561
"AL14TJ",51.753982929081,-0.30569928087741
"AL14TL",51.754409745338,-0.30661068046857
"AL14TN",51.7561503223,-0.30632819796886
"AL14TP",51.757999979096,-0.30737481795521
"AL14TQ",51.752368615092,-0.30538297363987
"AL14TR",51.758405238675,-0.30866389859303
"AL14TS",51.757551777529,-0.30872477518966
"AL14TT",51.757192294077,-0.30749197082325
"AL14TU",51.755146741458,-0.30782928940261
"AL14TW",51.755907209604,-0.30693141493112
"AL14TX",51.757152544975,-0.30847885363305
"AL14TY",51.756101343545,-0.3085471212167
"AL14TZ",51.753684377026,-0.30807232815799
"AL14UA",51.753365863566,-0.30656279271305
"AL14UB",51.753025756613,-0.30730000645631
"AL14UD",51.753213188808,-0.30907525047837
"AL14UE",51.752970924193,-0.30911327980841
"AL14UN",51.751604162062,-0.30725173812379
"AL14UR",51.766452895367,-0.31798715574119
"AL14UT",51.76634687171,-0.31435308954211
"AL14UU",51.765916708278,-0.31132539181935
"AL14UX",51.765052718119,-0.30877776747231
"AL14UZ",51.76226897381,-0.30593977796275
"AL14WU",51.747348571859,-0.30026826935383
"AL14XA",51.760612018221,-0.30578442233434
"AL14XB",51.760648377422,-0.30643521220309
"AL14XD",51.762475898931,-0.3065697159167
"AL14XE",51.764142641321,-0.30802914157376
"AL14XF",51.765559886344,-0.31152712869871
"AL14XG",51.765985567661,-0.31549707757737
"AL14XP",51.753026015727,-0.30419917839449
"AL14XR",51.754454717613,-0.30411667264603
"AL14XS",51.753043156006,-0.30351751500298
"AL14XT",51.755272006282,-0.3052887647402
"AL14XU",51.756847234674,-0.30538918426936
"AL14XX",51.758699416267,-0.30598644668073
"AL14XY",51.758798921705,-0.30540305592018
"AL14XZ",51.756937540285,-0.30479166964831
"AL14YA",51.754418137273,-0.30345149146247
"AL14YD",51.758527396771,-0.3052827986652
"AL14YW",51.747348571859,-0.30026826935383
"AL14ZG",51.747348571859,-0.30026826935383
"AL14ZQ",51.747348571859,-0.30026826935383
"AL14ZX",51.747348571859,-0.30026826935383
"AL15AA",51.737785767227,-0.3112735967417
"AL15AB",51.739083270902,-0.31019675770827
"AL15AD",51.740688332264,-0.30674717865586
"AL15AE",51.742700463313,-0.30533918324727
"AL15AF",51.744642757919,-0.30283265464024
"AL15AG",51.743634408291,-0.30275455362216
"AL15AH",51.74156879856,-0.30419366933619
"AL15AJ",51.741253371265,-0.30477043666696
"AL15AL",51.740628589913,-0.30447513596044
"AL15AN",51.740743341534,-0.30494887355342
"AL15AP",51.739396073698,-0.30818609624895
"AL15AQ",51.742119167849,-0.30431792230472
"AL15AR",51.73835296735,-0.3094418102576
"AL15AS",51.739295384322,-0.30619087132494
"AL15AT",51.743385876174,-0.30422702806917
"AL15AW",51.740631704857,-0.30593808906777
"AL15AX",51.739186656768,-0.30738273838915
"AL15AY",51.75064186042,-0.32355889612577
"AL15BA",51.750035307569,-0.3232770921694
"AL15BB",51.747348571859,-0.30026826935383
"AL15BD",51.749488254657,-0.32464479666542
"AL15BE",51.749995630851,-0.3242782891449
"AL15BJ",51.750466019219,-0.32258015877646
"AL15BL",51.750017846151,-0.32268369757822
"AL15BN",51.749185555337,-0.30416917331902
"AL15BP",51.749746751632,-0.32385283958132
"AL15BQ",51.750401449524,-0.32372717713029
"AL15BT",51.747348571859,-0.30026826935383
"AL15BU",51.750479552041,-0.32415895393832
"AL15BW",51.750878032361,-0.32246346866574
"AL15BX",51.744331957545,-0.31749067545837
"AL15BY",51.743888423218,-0.31728985285827
"AL15DA",51.751226708282,-0.30415066788448
"AL15DB",51.750939502008,-0.30294433905999
"AL15DD",51.75005865497,-0.30235433804142
"AL15DE",51.750043195618,-0.30377482555574
"AL15DF",51.751108396056,-0.30467671097717
"AL15DG",51.751159595226,-0.30573250583114
"AL15DH",51.750545274117,-0.30491513447778
"AL15DJ",51.75048526041,-0.30636628080928
"AL15DL",51.750632165814,-0.30782417755592
"AL15DN",51.750831433704,-0.30480299584071
"AL15DQ",51.751086410823,-0.30689437951821
"AL15DR",51.748606310859,-0.30640759423156
"AL15DW",51.749529683473,-0.32187593031877
"AL15DX",51.750079808147,-0.32072540922544
"AL15DY",51.749977121982,-0.32109143827099
"AL15DZ",51.750529634888,-0.3207377013463
"AL15EA",51.748198412337,-0.31494194439386
"AL15EB",51.750396141327,-0.32020656240571
"AL15ED",51.748142693685,-0.31795756863091
"AL15EE",51.750533535355,-0.31975230587057
"AL15EF",51.750564725476,-0.31941790138333
"AL15EG",51.74970537371,-0.31969611050135
"AL15EH",51.749266104949,-0.32042235431783
"AL15EJ",51.748818670804,-0.32120684039214
"AL15EL",51.748959907098,-0.32165074593961
"AL15EN",51.748981921676,-0.32256270420896
"AL15EP",51.748892659134,-0.32386997215982
"AL15EQ",51.748409665542,-0.32216374606939
"AL15ES",51.747610643532,-0.32288878271732
"AL15ET",51.748004366489,-0.32212081336405
"AL15EU",51.748003221254,-0.32141093549858
"AL15EW",51.748778395982,-0.32342506158892
"AL15EX",51.748449829159,-0.32056854317438
"AL15EY",51.74770571441,-0.31884308789481
"AL15EZ",51.747472173666,-0.3176057911539
"AL15FE",51.747348571859,-0.30026826935383
"AL15FG",51.750054646316,-0.30706336652331
"AL15FH",51.748438036221,-0.31409270319774
"AL15FJ",51.751049605724,-0.30746083368066
"AL15FL",51.748958344425,-0.31588438863527
"AL15FN",51.74468831639,-0.30536619637447
"AL15FP",51.751561361504,-0.30365998300072
"AL15FQ",51.747250991588,-0.31786030489061
"AL15FR",51.750773513203,-0.30141471796409
"AL15FT",51.746863169761,-0.31464393091782
"AL15FW",51.745735340493,-0.30500828524353
"AL15FX",51.745533635553,-0.30411761666817
"AL15FY",51.74724447119,-0.31426753888922
"AL15FZ",51.749683608512,-0.30752639217641
"AL15GA",51.74855866811,-0.30559802746264
"AL15GB",51.748731770639,-0.31576242116549
"AL15GD",51.749012271671,-0.30337879536558
"AL15GW",51.748341791092,-0.30927168478832
"AL15GX",51.748278248595,-0.30923059289312
"AL15GY",51.749000732586,-0.30694340314357
"AL15GZ",51.748633051074,-0.30701510662022
"AL15HA",51.746799506955,-0.3208760508568
"AL15HB",51.746511436964,-0.31959732923045
"AL15HD",51.74959228655,-0.32500316367173
"AL15HE",51.751770751982,-0.3251543890925
"AL15HG",51.747926403959,-0.31918260882015
"AL15HH",51.749928119232,-0.30889368805022
"AL15HL",51.747857179648,-0.31372315299102
"AL15HN",51.749552876144,-0.31532619128401
"AL15HQ",51.746124991315,-0.32213250861422
"AL15HR",51.74797583474,-0.31196566431922
"AL15HS",51.748791058323,-0.31174691891691
"AL15HT",51.749159641401,-0.31361668646397
"AL15HU",51.748392779385,-0.3172093739981
"AL15HW",51.747550333068,-0.31364765322671
"AL15HZ",51.74984300482,-0.31298270266058
"AL15JA",51.749859239619,-0.31098264595124
"AL15JB",51.749536912738,-0.31108160343808
"AL15JD",51.748888304404,-0.31100438057127
"AL15JE",51.749999579465,-0.30948506071471
"AL15JF",51.750117191793,-0.31078466682939
"AL15JH",51.749031617632,-0.30846354307577
"AL15JJ",51.749149449292,-0.30977759932557
"AL15JL",51.749516426998,-0.30590990999909
"AL15JN",51.748553728918,-0.31526195203882
"AL15JP",51.749207905697,-0.30571861464316
"AL15JQ",51.748927691281,-0.30936571230881
"AL15JR",51.748789866325,-0.30416950647803
"AL15JS",51.74463858077,-0.3106558552285
"AL15JW",51.749452812394,-0.3083608738262
"AL15JX",51.748803645938,-0.30574823191315
"AL15JY",51.748728582991,-0.30677971940029
"AL15JZ",51.748972498069,-0.30748053370464
"AL15LA",51.7491786009,-0.30742936285714
"AL15LB",51.749014290094,-0.30788464981441
"AL15LD",51.748105876578,-0.30725214316872
"AL15LE",51.747962096166,-0.30601153518644
"AL15LF",51.747994717942,-0.30515551111844
"AL15LG",51.747781517936,-0.30409137066557
"AL15LH",51.748473932158,-0.30845540287588
"AL15LJ",51.748354529245,-0.30953199855282
"AL15LL",51.748123510312,-0.31035196519538
"AL15LN",51.748253925553,-0.31066583999369
"AL15LQ",51.748249852399,-0.30850723980885
"AL15LU",51.749990645145,-0.30823935511668
"AL15LX",51.746518449496,-0.31255604478578
"AL15LY",51.74719972742,-0.31177728128227
"AL15LZ",51.747511062537,-0.31028789319949
"AL15NA",51.747583239576,-0.30905371473479
"AL15NB",51.746781205313,-0.30893879044629
"AL15ND",51.747413764752,-0.30790100394931
"AL15NE",51.74662720351,-0.30761166908987
"AL15NF",51.747285030059,-0.30708000120246
"AL15NG",51.74726100313,-0.30666074882438
"AL15NH",51.746006635374,-0.30635995973018
"AL15NJ",51.746964406677,-0.30604886344505
"AL15NL",51.746744514893,-0.30576733445869
"AL15NN",51.745556194266,-0.30568141261635
"AL15NP",51.746550759285,-0.30480390654397
"AL15NQ",51.746183045362,-0.3067445265581
"AL15NR",51.745691034071,-0.30380748471304
"AL15NS",51.746403608794,-0.30395464234974
"AL15NT",51.74648617468,-0.30344447946114
"AL15NU",51.747348571859,-0.30026826935383
"AL15NW",51.746636665887,-0.3051483964119
"AL15NX",51.747481477495,-0.30823169789978
"AL15NY",51.745704612304,-0.30225681716575
"AL15NZ",51.745492851865,-0.30129410138493
"AL15PA",51.745090477083,-0.30145406971229
"AL15PB",51.745087989532,-0.30377212616197
"AL15PD",51.744931422762,-0.30476312207469
"AL15PE",51.745530678279,-0.30640673768553
"AL15PF",51.745758913396,-0.30726744939228
"AL15PG",51.746482718938,-0.30881954932309
"AL15PH",51.747607941718,-0.31202284495707
"AL15PJ",51.747529985833,-0.30785319624362
"AL15PN",51.744725744745,-0.30359736324465
"AL15PQ",51.747152158634,-0.31034475134663
"AL15PS",51.74691720849,-0.31339596556723
"AL15PT",51.746045765899,-0.3134574021344
"AL15PU",51.744044236989,-0.31185146958889
"AL15PX",51.743220939646,-0.31088258326869
"AL15PY",51.742810051304,-0.30982590694602
"AL15PZ",51.741695752086,-0.30925907711727
"AL15QA",51.741195824378,-0.30764082238663
"AL15QB",51.740258733898,-0.3081393840138
"AL15QD",51.739913821301,-0.30854338056836
"AL15QE",51.741031873868,-0.30937077868492
"AL15QF",51.741215978512,-0.31029101075335
"AL15QG",51.742257950951,-0.31083158534941
"AL15QH",51.742985498239,-0.31202131893152
"AL15QJ",51.743691155511,-0.31231372383646
"AL15QL",51.743768458037,-0.30955834447468
"AL15QN",51.743684515398,-0.30747537753707
"AL15QP",51.743537801865,-0.30665511568134
"AL15QQ",51.742735119198,-0.31149465154196
"AL15QR",51.7422514455,-0.30663078618919
"AL15QS",51.741729503661,-0.30660684503918
"AL15QT",51.741944348073,-0.3077866839975
"AL15QU",51.742900201113,-0.30859118471234
"AL15QW",51.745097366478,-0.30629255958657
"AL15QX",51.74366934636,-0.3101704902008
"AL15QY",51.745464855793,-0.31371083783288
"AL15QZ",51.745992764623,-0.31477774242545
"AL15RA",51.747075619277,-0.31378123749172
"AL15RB",51.745200298913,-0.31282247866489
"AL15RD",51.74485334028,-0.31245874015156
"AL15RE",51.74582131825,-0.31285728804379
"AL15RF",51.74619528924,-0.31259706381594
"AL15RG",51.746208734651,-0.31165486796773
"AL15RH",51.745264095264,-0.31225509646928
"AL15RJ",51.745036936878,-0.31146676551291
"AL15RL",51.739562734689,-0.30602153185429
"AL15RN",51.739909308613,-0.30573334185914
"AL15RP",51.744223760743,-0.30870110205929
"AL15RQ",51.745667568871,-0.31154466007278
"AL15RR",51.744336254068,-0.30776973104209
"AL15RS",51.743902295094,-0.30823504207741
"AL15RT",51.744041676309,-0.30917148467581
"AL15RU",51.749714988976,-0.30658345073048
"AL15RW",51.739500672508,-0.30483604415713
"AL15RX",51.738351729236,-0.31248372734589
"AL15RY",51.739095094368,-0.31164485028965
"AL15RZ",51.739682150395,-0.30994264388214
"AL15SA",51.740668980616,-0.30977544392487
"AL15SB",51.739967031755,-0.31036658118259
"AL15SD",51.740128949033,-0.31162079333041
"AL15SE",51.739327496045,-0.31217214660786
"AL15SF",51.739200677423,-0.31398754379193
"AL15SG",51.739858119607,-0.31342710188093
"AL15SH",51.740143224979,-0.31574867645501
"AL15SJ",51.740510407083,-0.31188180190449
"AL15SL",51.74122687678,-0.31292705943707
"AL15SN",51.740783797403,-0.31463841277221
"AL15SP",51.742099070257,-0.31605257773155
"AL15SR",51.743557098342,-0.31550580742847
"AL15SS",51.743039015354,-0.3144965318069
"AL15ST",51.742892818137,-0.31308229182395
"AL15SU",51.743204080243,-0.31283890997918
"AL15SW",51.740913723906,-0.31554618992937
"AL15SX",51.741749025896,-0.31296555177327
"AL15SY",51.742128610396,-0.31309627370766
"AL15SZ",51.742357211862,-0.31398591327986
"AL15TA",51.741705166503,-0.31492281827889
"AL15TD",51.744774590845,-0.3076084776833
"AL15TE",51.74495458279,-0.30699328704495
"AL15TL",51.747113265166,-0.31577916519712
"AL15TP",51.747447216718,-0.31649114254878
"AL15TR",51.747817809111,-0.31662224367033
"AL15TS",51.747557216869,-0.31600894714718
"AL15TT",51.747193806371,-0.31512421269428
"AL15TX",51.747348571859,-0.30026826935383
"AL15UB",51.746603639311,-0.30223759437337
"AL15UE",51.751112035232,-0.32436736675955
"AL15UG",51.747463564317,-0.30137953085683
"AL15UP",51.74416678145,-0.30599416757188
"AL15UQ",51.748491162463,-0.31779973885518
"AL15WA",51.747651226549,-0.31441176301161
"AL15WB",51.747885008374,-0.31566352778941
"AL15WD",51.748167587042,-0.31592829152247
"AL15WF",51.747348571859,-0.30026826935383
"AL15WJ",51.747348571859,-0.30026826935383
"AL15ZN",51.747348571859,-0.30026826935383
"AL19AB",51.747348571859,-0.30026826935383
"AL19BA",51.747348571859,-0.30026826935383
"AL19BE",51.747348571859,-0.30026826935383
"AL19BR",51.747348571859,-0.30026826935383
"AL19BT",51.747348571859,-0.30026826935383
"AL19BX",51.747348571859,-0.30026826935383
"AL19EB",51.747348571859,-0.30026826935383
"AL19EJ",51.747348571859,-0.30026826935383
"AL19ER",51.747348571859,-0.30026826935383
"AL19ES",51.747348571859,-0.30026826935383
"AL19FH",51.747348571859,-0.30026826935383
"AL19FP",51.747348571859,-0.30026826935383
"AL19FQ",51.747348571859,-0.30026826935383
"AL19GB",51.747348571859,-0.30026826935383
"AL19GH",51.747348571859,-0.30026826935383
"AL19GZ",51.747348571859,-0.30026826935383
"AL19HJ",51.747348571859,-0.30026826935383
"AL19HL",51.747348571859,-0.30026826935383
"AL19HN",51.747348571859,-0.30026826935383
"AL19HP",51.747348571859,-0.30026826935383
"AL19HX",51.747348571859,-0.30026826935383
"AL19JS",51.747348571859,-0.30026826935383
"AL19JX",51.747348571859,-0.30026826935383
"AL19LX",51.747348571859,-0.30026826935383
"AL19LZ",51.747348571859,-0.30026826935383
"AL19NB",51.747348571859,-0.30026826935383
"AL19NF",51.747348571859,-0.30026826935383
"AL19NG",51.747348571859,-0.30026826935383
"AL19NP",51.747348571859,-0.30026826935383
"AL19NY",51.747348571859,-0.30026826935383
"AL19PS",51.747348571859,-0.30026826935383
"AL19PW",51.747348571859,-0.30026826935383
"AL19QB",51.747348571859,-0.30026826935383
"AL19QG",51.747348571859,-0.30026826935383
"AL19QQ",51.747348571859,-0.30026826935383
"AL19QX",51.747348571859,-0.30026826935383
"AL19RE",51.747348571859,-0.30026826935383
"AL19RH",51.747348571859,-0.30026826935383
"AL19RJ",51.747348571859,-0.30026826935383
"AL19RN",51.747348571859,-0.30026826935383
"AL19RP",51.747348571859,-0.30026826935383
"AL19RQ",51.747348571859,-0.30026826935383
"AL19SA",51.752929202899,-0.33452985384763
"AL19SB",51.752929202899,-0.33452985384763
"AL19SF",51.747348571859,-0.30026826935383
"AL19SG",51.747348571859,-0.30026826935383
"AL19SL",51.747348571859,-0.30026826935383
"AL19SQ",51.747348571859,-0.30026826935383
"AL19SW",51.747348571859,-0.30026826935383
"AL19TE",51.747348571859,-0.30026826935383
"AL19TG",51.747348571859,-0.30026826935383
"AL19TH",51.747348571859,-0.30026826935383
"AL19TQ",51.747348571859,-0.30026826935383
"AL19TR",51.747348571859,-0.30026826935383
"AL19TX",51.747348571859,-0.30026826935383
"AL19TY",51.747348571859,-0.30026826935383
"AL19UB",51.747348571859,-0.30026826935383
"AL19UD",51.747348571859,-0.30026826935383
"AL19UH",51.747348571859,-0.30026826935383
"AL19UJ",51.747348571859,-0.30026826935383
"AL19UN",51.747348571859,-0.30026826935383
"AL19UP",51.747348571859,-0.30026826935383
"AL19UQ",51.747348571859,-0.30026826935383
"AL19UR",51.747348571859,-0.30026826935383
"AL19US",51.747348571859,-0.30026826935383
"AL19UT",51.747348571859,-0.30026826935383
"AL19UU",51.747348571859,-0.30026826935383
"AL19UW",51.747348571859,-0.30026826935383
"AL19UY",51.747348571859,-0.30026826935383
"AL19UZ",51.747348571859,-0.30026826935383
"AL19WA",51.747348571859,-0.30026826935383
"AL19WB",51.747348571859,-0.30026826935383
"AL19WD",51.747348571859,-0.30026826935383
"AL19WE",51.747348571859,-0.30026826935383
"AL19WF",51.747348571859,-0.30026826935383
"AL19WH",51.747348571859,-0.30026826935383
"AL19WN",51.747348571859,-0.30026826935383
"AL19WP",51.747348571859,-0.30026826935383
"AL19WQ",51.747348571859,-0.30026826935383
"AL19WR",51.747348571859,-0.30026826935383
"AL19WS",51.747348571859,-0.30026826935383
"AL19WT",51.747348571859,-0.30026826935383
"AL19WU",51.747348571859,-0.30026826935383
"AL19WW",51.747348571859,-0.30026826935383
"AL19WX",51.747348571859,-0.30026826935383
"AL19WY",51.747348571859,-0.30026826935383
"AL19WZ",51.747348571859,-0.30026826935383
"AL19XA",51.747348571859,-0.30026826935383
"AL19XB",51.747348571859,-0.30026826935383
"AL19XD",51.747348571859,-0.30026826935383
"AL19XE",51.747348571859,-0.30026826935383
"AL19XF",51.747348571859,-0.30026826935383
"AL100AA",51.763829020555,-0.22458824066097
"AL100AB",51.77264408224,-0.22173441929657
"AL100AD",51.772996928782,-0.21712520172575
"AL100AE",51.772542126053,-0.22391285858553
"AL100AG",51.77294087153,-0.22411464664667
"AL100AH",51.773282870336,-0.22175279526722
"AL100AJ",51.772177810927,-0.22063655055603
"AL100AL",51.771913224422,-0.22157470306008
"AL100AN",51.773440222657,-0.21848489661368
"AL100AQ",51.772957544076,-0.22343266415287
"AL100AT",51.767862024933,-0.21595056974049
"AL100AU",51.764506977996,-0.22660523993646
"AL100AW",51.766216674701,-0.22965447306507
"AL100AX",51.764275421316,-0.22794772205753
"AL100AY",51.764745658192,-0.22752348182956
"AL100AZ",51.763729712504,-0.22933147086031
"AL100BA",51.764379453192,-0.22947996719893
"AL100BB",51.763453748721,-0.22892196479708
"AL100BD",51.763234548616,-0.22869865313497
"AL100BE",51.764278129971,-0.2263388318938
"AL100BG",51.766077749874,-0.22879026165236
"AL100BH",51.766592810842,-0.23014705508696
"AL100BJ",51.76614516572,-0.23028051930919
"AL100BL",51.766495426191,-0.23084658886737
"AL100BN",51.766433552636,-0.2315157430606
"AL100BQ",51.766891980007,-0.23090355410475
"AL100BS",51.765784383022,-0.22543913061752
"AL100BU",51.76544498665,-0.22678588339217
"AL100BW",51.765296417963,-0.22528434261057
"AL100BX",51.766532071921,-0.22671428905882
"AL100BY",51.767262791504,-0.22925117565735
"AL100DA",51.767522044824,-0.23034261700568
"AL100DB",51.766503083856,-0.22777350644191
"AL100DD",51.765545248806,-0.22449190842278
"AL100DE",51.763102942019,-0.23250101484621
"AL100DF",51.765867078538,-0.21960927183259
"AL100DG",51.766709741689,-0.22002543621816
"AL100DH",51.762500522762,-0.23011871246001
"AL100DJ",51.763256761792,-0.23077031378835
"AL100DL",51.763978301466,-0.23210448478216
"AL100DN",51.764375944351,-0.23223388372289
"AL100DP",51.763671451546,-0.23382668857808
"AL100DQ",51.766650977494,-0.21911460570932
"AL100DR",51.763222213462,-0.23445293792906
"AL100DS",51.762944805493,-0.23334779243141
"AL100DT",51.767405055882,-0.23213002212274
"AL100DU",51.764048504857,-0.23378298387714
"AL100DW",51.763620257887,-0.23281415385513
"AL100DX",51.76433213394,-0.23410526417024
"AL100DY",51.765326143077,-0.23322582414972
"AL100DZ",51.765869664953,-0.23229147475415
"AL100EA",51.767174744796,-0.23116789218649
"AL100ED",51.765686087336,-0.2308492478043
"AL100EE",51.765393243581,-0.23051284483094
"AL100EF",51.764800529006,-0.22997077010437
"AL100EG",51.764387917547,-0.23063912239705
"AL100EH",51.764473098761,-0.21960614926811
"AL100EJ",51.764075223567,-0.21946237652886
"AL100EQ",51.765161649288,-0.22886960569973
"AL100ER",51.765288724724,-0.21705211764387
"AL100ES",51.765680910794,-0.21741350725758
"AL100ET",51.76609212681,-0.2166581038814
"AL100EW",51.765702356735,-0.21645605662944
"AL100EY",51.76644767947,-0.21638319237743
"AL100FD",51.764333663968,-0.22406116422821
"AL100FE",51.763052173007,-0.23151746386812
"AL100FF",51.762946549174,-0.23107230540091
"AL100FG",51.762694018276,-0.23102420540863
"AL100FH",51.761921219407,-0.23405442293402
"AL100FJ",51.765427515754,-0.21790179059817
"AL100FL",51.76504588932,-0.21882993207612
"AL100HE",51.766999613009,-0.21541929438649
"AL100HF",51.767908991739,-0.21726773835145
"AL100HG",51.767449298573,-0.21719888501467
"AL100HH",51.767637639684,-0.21835103467646
"AL100HJ",51.766397513191,-0.21722583648651
"AL100HL",51.765775638969,-0.2183229000195
"AL100HN",51.765979078511,-0.21869173560173
"AL100HP",51.764936530789,-0.22170400438679
"AL100HQ",51.767373496826,-0.21872380078437
"AL100HR",51.76729285918,-0.22171284868386
"AL100HS",51.767046682379,-0.22149061373961
"AL100HU",51.766291015489,-0.22444814797445
"AL100HW",51.765202656554,-0.22146164302642
"AL100HX",51.766608896151,-0.22346455453557
"AL100HY",51.767811944124,-0.21976465071145
"AL100HZ",51.764391784801,-0.22136307433801
"AL100JA",51.768445619024,-0.2170726531336
"AL100JB",51.765501878768,-0.22043530407583
"AL100JD",51.765626834063,-0.2209666671088
"AL100JE",51.766073151995,-0.22074619956292
"AL100JF",51.766289078954,-0.22194072703177
"AL100JG",51.766839304476,-0.2208610130778
"AL100JJ",51.763306836568,-0.22514497967895
"AL100JL",51.763028871483,-0.22519936215214
"AL100JP",51.762922965337,-0.22592817205431
"AL100JQ",51.766987929461,-0.22057977427694
"AL100JS",51.762563256508,-0.22533356880922
"AL100JT",51.76277963812,-0.22477434556957
"AL100JU",51.762657747211,-0.22504000222912
"AL100JW",51.763145473387,-0.22577451626102
"AL100JX",51.762691510606,-0.22489374736245
"AL100JY",51.762712799227,-0.22392187762479
"AL100JZ",51.763097970948,-0.2232255797141
"AL100LD",51.763656734919,-0.2238993196201
"AL100LF",51.762670289272,-0.22289454020288
"AL100LG",51.762519020637,-0.22359614473618
"AL100LJ",51.762266459229,-0.22473650674759
"AL100LN",51.762267990797,-0.224837897034
"AL100LP",51.763652528438,-0.22540679358998
"AL100LR",51.761826914101,-0.22540592547026
"AL100LS",51.761826914101,-0.22540592547026
"AL100LT",51.761823175025,-0.22575389850091
"AL100LU",51.762149604448,-0.2295092448699
"AL100LW",51.761826914101,-0.22540592547026
"AL100LX",51.762692223917,-0.22851698010404
"AL100LY",51.763015600743,-0.22789560797732
"AL100LZ",51.763224536142,-0.22743813572848
"AL100NA",51.763441801914,-0.22693685293522
"AL100NB",51.763660814208,-0.22655144363991
"AL100ND",51.764018819492,-0.22584172528699
"AL100NF",51.764419790371,-0.22499986777716
"AL100NG",51.765341332598,-0.21696308109126
"AL100NL",51.764094898375,-0.22551988533043
"AL100NX",51.762889518878,-0.22848026989912
"AL100NY",51.762978273086,-0.22363608779249
"AL100NZ",51.762497985408,-0.22875647199214
"AL100PA",51.768390021225,-0.22230749659018
"AL100PB",51.767966719864,-0.22226615090137
"AL100PD",51.767973274898,-0.22388930442369
"AL100PE",51.767173727627,-0.22632677719023
"AL100PF",51.767000064595,-0.22733370064724
"AL100PG",51.768352535635,-0.2287591818496
"AL100PH",51.768614803661,-0.2306477500302
"AL100PJ",51.769643384167,-0.23027412946229
"AL100PL",51.76921990912,-0.22962391975839
"AL100PN",51.76913603724,-0.22823567201035
"AL100PP",51.768020328265,-0.2264095442189
"AL100PQ",51.768808870698,-0.22979945011698
"AL100PR",51.769199062717,-0.22585600270767
"AL100PS",51.768915192672,-0.22551925429689
"AL100PT",51.76996790296,-0.22376750648277
"AL100PU",51.770731206894,-0.21953380267938
"AL100PW",51.768754147971,-0.22855502301246
"AL100PX",51.770205747465,-0.2192790702696
"AL100PY",51.76915794357,-0.2284957260741
"AL100QA",51.770626604312,-0.21797239490576
"AL100QB",51.770918586374,-0.21765648293841
"AL100QH",51.768624791284,-0.2199935735756
"AL100QJ",51.769276085143,-0.22143195873087
"AL100QL",51.769538043658,-0.22091432603419
"AL100QN",51.770802241387,-0.22303895461309
"AL100QP",51.771560051327,-0.22379196387398
"AL100QQ",51.768391116013,-0.22059705786122
"AL100QR",51.772224899553,-0.22494004154474
"AL100QS",51.772542988492,-0.22456515393601
"AL100QT",51.772967602036,-0.22469345080006
"AL100QU",51.773278219003,-0.22501467759136
"AL100QW",51.771457909958,-0.22298420650357
"AL100QX",51.772112851952,-0.22585769056296
"AL100QY",51.772315612487,-0.22618314892409
"AL100QZ",51.771249947029,-0.22767451566696
"AL100RA",51.770932971339,-0.22752748214723
"AL100RB",51.771660160736,-0.22625233938558
"AL100RD",51.771601662592,-0.2253558874059
"AL100RE",51.770434737541,-0.22669176816035
"AL100RF",51.770469320416,-0.22779207310983
"AL100RG",51.769504899834,-0.22943882418661
"AL100RH",51.769670800614,-0.2261274077782
"AL100RJ",51.770356115447,-0.22446254299684
"AL100RL",51.770772179102,-0.22462016003539
"AL100RN",51.762562419963,-0.23184095766129
"AL100RP",51.765903541183,-0.23334821763919
"AL100RQ",51.769913227616,-0.22669771597896
"AL100RR",51.765165825063,-0.23392778785942
"AL100RS",51.766455994974,-0.23300777243502
"AL100RT",51.761975733556,-0.23468997864679
"AL100RU",51.761373075088,-0.23049613964929
"AL100RW",51.76517674989,-0.22450636901971
"AL100RX",51.761302923932,-0.23300610062738
"AL100RY",51.760833435877,-0.23228531871049
"AL100RZ",51.761026571263,-0.23436469374527
"AL100SA",51.760365889285,-0.23408613352924
"AL100SB",51.760733582323,-0.23341962683267
"AL100SD",51.760230501845,-0.23525079588327
"AL100SE",51.759816259928,-0.23461480505348
"AL100SF",51.759870264062,-0.23581554455659
"AL100SG",51.759184644967,-0.23687119714812
"AL100SH",51.760517096737,-0.23637002116809
"AL100SJ",51.759791828218,-0.23718085928856
"AL100SL",51.760381701269,-0.23573763729115
"AL100SN",51.761629969946,-0.23322521305025
"AL100SP",51.762937021844,-0.23223212683864
"AL100SQ",51.75912946875,-0.23798922169387
"AL100ST",51.762683093554,-0.23508268044744
"AL100SW",51.762213365528,-0.23255025524283
"AL100SX",51.761540112528,-0.23682290073116
"AL100SY",51.761318318926,-0.23642575026909
"AL100SZ",51.762179122251,-0.23505885850237
"AL100TA",51.761679323673,-0.23291893925562
"AL100TD",51.761812944013,-0.23163835920544
"AL100TF",51.762263690304,-0.23350482059144
"AL100TL",51.769644761338,-0.2184604261304
"AL100TN",51.769184410042,-0.2183480989759
"AL100TP",51.769719654512,-0.21628317987858
"AL100TR",51.770682412859,-0.2157233750101
"AL100TS",51.769798536293,-0.21555530256859
"AL100TT",51.770541055752,-0.21648272066287
"AL100TU",51.771441831365,-0.21717199853052
"AL100TW",51.768756839515,-0.21565437212873
"AL100TX",51.771122151656,-0.21566254263706
"AL100TY",51.772105800188,-0.21647900970402
"AL100TZ",51.772912564718,-0.21808528513478
"AL100UA",51.772345878546,-0.21748427446752
"AL100UB",51.772024755558,-0.21825072344327
"AL100UD",51.771849857013,-0.21976519576371
"AL100UE",51.771260813128,-0.21887514208494
"AL100UG",51.77148751151,-0.22137400204761
"AL100UH",51.771292629204,-0.22097578204969
"AL100UJ",51.770793261951,-0.22125634268232
"AL100UL",51.770091120793,-0.22121147410712
"AL100UN",51.772314595201,-0.22016729341973
"AL100UP",51.771721807866,-0.21843660773657
"AL100UQ",51.771247466376,-0.22036873479087
"AL100UR",51.764419790371,-0.22499986777716
"AL100UT",51.762534284618,-0.23475514609853
"AL100UW",51.764835671126,-0.21920055124587
"AL100XR",51.76042453898,-0.23979381013341
"AL100XS",51.76042453898,-0.23979381013341
"AL100XU",51.76042453898,-0.23979381013341
"AL100XX",51.76042453898,-0.23979381013341
"AL100XY",51.76042453898,-0.23979381013341
"AL100YA",51.76042453898,-0.23979381013341
"AL100YB",51.76042453898,-0.23979381013341
"AL100YD",51.76042453898,-0.23979381013341
"AL100YF",51.763829020555,-0.22458824066097
"AL100ZW",51.763829020555,-0.22458824066097
"AL101AJ",51.763829020555,-0.22458824066097
"AL101AL",51.763829020555,-0.22458824066097
"AL101AY",51.763829020555,-0.22458824066097
"AL101AZ",51.763829020555,-0.22458824066097
"AL101BE",51.763829020555,-0.22458824066097
"AL101BZ",51.763829020555,-0.22458824066097
"AL101DJ",51.763829020555,-0.22458824066097
"AL101DL",51.763829020555,-0.22458824066097
"AL101DR",51.763829020555,-0.22458824066097
"AL101DU",51.763829020555,-0.22458824066097
"AL101EF",51.763829020555,-0.22458824066097
"AL101ES",51.763829020555,-0.22458824066097
"AL101EU",51.763829020555,-0.22458824066097
"AL101EW",51.763829020555,-0.22458824066097
"AL101EX",51.763829020555,-0.22458824066097
"AL101EY",51.763829020555,-0.22458824066097
"AL101EZ",51.763829020555,-0.22458824066097
"AL101FA",51.763829020555,-0.22458824066097
"AL101FD",51.763829020555,-0.22458824066097
"AL101FE",51.763829020555,-0.22458824066097
"AL101FJ",51.763829020555,-0.22458824066097
"AL101FL",51.763829020555,-0.22458824066097
"AL101FN",51.763829020555,-0.22458824066097
"AL101FP",51.763829020555,-0.22458824066097
"AL101FS",51.763829020555,-0.22458824066097
"AL101FU",51.763829020555,-0.22458824066097
"AL101FW",51.763829020555,-0.22458824066097
"AL101FY",51.763829020555,-0.22458824066097
"AL108AA",51.760959905504,-0.21684587463156
"AL108AB",51.759732369579,-0.21892313934552
"AL108AE",51.76009365757,-0.22080740109103
"AL108AF",51.761285077277,-0.21990549389179
"AL108AG",51.76232722516,-0.22042972151194
"AL108AH",51.762771559908,-0.21948468950269
"AL108AJ",51.762256173195,-0.21870785877677
"AL108AL",51.762294047774,-0.21705417363195
"AL108AN",51.762190347682,-0.21673941583016
"AL108AP",51.762971444392,-0.21783909855364
"AL108AQ",51.763020382989,-0.2216633655121
"AL108AR",51.763069142492,-0.21598012337626
"AL108AS",51.763761224634,-0.21654706565802
"AL108AT",51.763933064923,-0.21601852790753
"AL108AU",51.76470447119,-0.21588665670754
"AL108AW",51.762605124365,-0.21740424222825
"AL108AX",51.764791124122,-0.21744856310854
"AL108BB",51.763704163223,-0.21515794960105
"AL108BE",51.766065328746,-0.21548513455239
"AL108BG",51.759925521416,-0.22158209633972
"AL108BJ",51.761899387814,-0.21534507976064
"AL108BL",51.761490470004,-0.21921625862922
"AL108BN",51.761072653937,-0.21953704413394
"AL108BP",51.760705448971,-0.21845006791365
"AL108BS",51.759804221579,-0.21713777902651
"AL108BT",51.761432139667,-0.21833450223993
"AL108BU",51.760906439705,-0.21747115843607
"AL108BW",51.759961166565,-0.21681276778007
"AL108BX",51.763355333762,-0.22002695557747
"AL108BY",51.76171050342,-0.21712064441087
"AL108BZ",51.76058676659,-0.21596204997479
"AL108DA",51.759650031357,-0.23073741830894
"AL108DB",51.760065523604,-0.22966324384328
"AL108DD",51.760618579886,-0.22996044001067
"AL108DE",51.760439986896,-0.2318369339941
"AL108DF",51.759974145531,-0.23195658056063
"AL108DG",51.759484551666,-0.2328887047194
"AL108DH",51.759190624592,-0.23247991651928
"AL108DJ",51.758988854647,-0.23341527502311
"AL108DL",51.758651354965,-0.23250097828925
"AL108DN",51.758013687985,-0.23435181521924
"AL108DP",51.758531624009,-0.23291142199478
"AL108DQ",51.758930302655,-0.23131624568328
"AL108DR",51.758426714464,-0.2319155933609
"AL108DS",51.759181838547,-0.23010358646158
"AL108DU",51.758387981492,-0.2311345572088
"AL108DW",51.757888793549,-0.23382050264305
"AL108DX",51.757867889066,-0.23243013583043
"AL108DY",51.757672711972,-0.23320580406584
"AL108DZ",51.756753278775,-0.23366193913804
"AL108EA",51.756113705264,-0.23478820945305
"AL108EB",51.757532844699,-0.23526903967933
"AL108ED",51.758581377041,-0.23502526936205
"AL108EE",51.75848149642,-0.23615951550914
"AL108EF",51.759194859164,-0.23395792600077
"AL108EN",51.760680267175,-0.22272632008338
"AL108EP",51.760710285358,-0.22888441517792
"AL108ER",51.760249248815,-0.22932273456617
"AL108ES",51.75970503221,-0.22782235969521
"AL108ET",51.75933449589,-0.22889478327517
"AL108EU",51.758152762706,-0.22805704351911
"AL108EW",51.760597477507,-0.2273671315189
"AL108EX",51.755565836244,-0.22766563619305
"AL108EY",51.754591406391,-0.22805156258255
"AL108EZ",51.757238113483,-0.22942605271431
"AL108FA",51.763829020555,-0.22458824066097
"AL108FD",51.756800914385,-0.23503673850218
"AL108FE",51.758686520066,-0.22231189885481
"AL108HA",51.755402173818,-0.23232356003514
"AL108HB",51.75564195649,-0.23271993695828
"AL108HD",51.756232481152,-0.23311711659154
"AL108HE",51.756694460641,-0.23214266807826
"AL108HF",51.757014916616,-0.23252141351219
"AL108HG",51.757326328474,-0.23110359441094
"AL108HH",51.757937500391,-0.23107970662416
"AL108HJ",51.758469880403,-0.22940684580511
"AL108HL",51.758743660583,-0.22967147812101
"AL108HN",51.757934102747,-0.22965967126798
"AL108HP",51.760759335501,-0.22557822307461
"AL108HQ",51.75778829077,-0.23012910192553
"AL108HR",51.747436226955,-0.23125822285929
"AL108HS",51.741172019094,-0.2303295256432
"AL108HU",51.766065328746,-0.21548513455239
"AL108HW",51.757717344807,-0.22900154376516
"AL108HX",51.761233697991,-0.22602338480891
"AL108HY",51.745447481512,-0.22401971635291
"AL108HZ",51.747986118435,-0.23254068889594
"AL108JB",51.74805186457,-0.23272647064561
"AL108JP",51.748494443197,-0.23046347868561
"AL108JR",51.748619965384,-0.22864750617291
"AL108JS",51.747816735633,-0.22905562819064
"AL108JT",51.74781294093,-0.2299975143128
"AL108JU",51.747975062464,-0.22822360042488
"AL108JW",51.748978695853,-0.23037210758445
"AL108JX",51.747310757147,-0.22949557519984
"AL108JY",51.747175361672,-0.2312539259899
"AL108JZ",51.746682066469,-0.23193964092459
"AL108LA",51.746440538204,-0.23142751095689
"AL108LB",51.745937270437,-0.2308531749208
"AL108LD",51.745164453018,-0.22910141825306
"AL108LE",51.743272643683,-0.22888566958898
"AL108LF",51.743810781258,-0.2293861523777
"AL108LG",51.745331426317,-0.23003657366592
"AL108LH",51.744773696925,-0.2306233802477
"AL108LJ",51.743897248551,-0.23094736908783
"AL108LL",51.743069495046,-0.2309217608716
"AL108LN",51.742315605973,-0.23102364607475
"AL108LP",51.745144651113,-0.22659586890839
"AL108LQ",51.74414306895,-0.22995264253808
"AL108LR",51.743331667407,-0.22802863741065
"AL108LS",51.743735966752,-0.22681039728424
"AL108LU",51.760129729811,-0.22616810713893
"AL108LW",51.744317959886,-0.22723670778353
"AL108LX",51.757180724509,-0.23577547253841
"AL108LY",51.753455412595,-0.22845828519249
"AL108LZ",51.753873178501,-0.22932583770042
"AL108NA",51.754011660841,-0.2265817612819
"AL108NB",51.752444796126,-0.23181599076164
"AL108NL",51.758371902983,-0.22470089014956
"AL108NN",51.757684031424,-0.22381491223571
"AL108NP",51.755863012338,-0.22411823025272
"AL108NR",51.755823724089,-0.22568478314453
"AL108NS",51.755411597269,-0.22578788350604
"AL108NT",51.756252971771,-0.2249289153675
"AL108NU",51.756400886656,-0.22638670814767
"AL108NW",51.755852740284,-0.22224931258603
"AL108NX",51.755195865414,-0.2263904563438
"AL108NY",51.754706781451,-0.22675739281846
"AL108NZ",51.754493967001,-0.22576589138149
"AL108PA",51.755136715159,-0.2254508836332
"AL108PB",51.754890373806,-0.22343186504981
"AL108PD",51.754170024446,-0.22396729981354
"AL108PE",51.754778812142,-0.2220016829139
"AL108PF",51.754143302152,-0.22279463319947
"AL108PG",51.753938342356,-0.22232450251269
"AL108PH",51.753736670477,-0.22147750210738
"AL108PJ",51.753473174496,-0.22070538998846
"AL108PL",51.753515483757,-0.22112394015319
"AL108PN",51.753160546145,-0.22381853847192
"AL108PP",51.751497585148,-0.22386929995498
"AL108PQ",51.7531149622,-0.22318276801502
"AL108PR",51.752343094602,-0.22387959373303
"AL108PS",51.752673859678,-0.22493886331675
"AL108PT",51.75358580215,-0.22458431838297
"AL108PU",51.754063905693,-0.22468148754823
"AL108PW",51.751878149993,-0.22346314907923
"AL108QE",51.754370365901,-0.22472742901098
"AL108QF",51.753616852996,-0.2266407000126
"AL108QG",51.752829976488,-0.22872909074981
"AL108QH",51.753180790122,-0.22754167356415
"AL108QJ",51.753110447838,-0.22705176891922
"AL108QL",51.752092391072,-0.22752633254038
"AL108QN",51.752326477221,-0.22814022452321
"AL108QP",51.751850406447,-0.22698520405894
"AL108QQ",51.752084948742,-0.2306129174416
"AL108QR",51.751181156771,-0.22673611887012
"AL108QS",51.751197104148,-0.22779321743586
"AL108QT",51.751293495885,-0.2288181903791
"AL108QU",51.752101050333,-0.22929373042803
"AL108QW",51.75252208865,-0.22679950756299
"AL108QX",51.750905580661,-0.23052861164878
"AL108QY",51.75076011902,-0.22923026810093
"AL108QZ",51.750176645134,-0.23109319780138
"AL108RA",51.749763422744,-0.23112383303795
"AL108RB",51.749557406004,-0.23058130729896
"AL108RD",51.749565174723,-0.2293059864104
"AL108RE",51.749151993199,-0.22874259905404
"AL108RF",51.749703780857,-0.22835878792126
"AL108RG",51.750023446211,-0.22749142788908
"AL108RH",51.749981844242,-0.22652229570967
"AL108RJ",51.7504237768,-0.2266064063747
"AL108RL",51.750560369085,-0.22612291325951
"AL108RN",51.750558969162,-0.22781819936444
"AL108RP",51.751799300556,-0.23075448868023
"AL108RQ",51.750296607257,-0.2271185056487
"AL108RS",51.764957825718,-0.21480412605871
"AL108RU",51.744891949824,-0.22534536750236
"AL108RX",51.751668822823,-0.2215152790935
"AL108RY",51.752026572305,-0.22257345648775
"AL108RZ",51.750658436747,-0.2236848862698
"AL108SA",51.750917957162,-0.22479037708515
"AL108SB",51.750703104478,-0.22545081673923
"AL108SD",51.752014667844,-0.22535593242177
"AL108SE",51.753288092409,-0.22511763667888
"AL108SF",51.752348068319,-0.22599489953547
"AL108SG",51.750025934759,-0.22586856403955
"AL108SH",51.74733524618,-0.22694470813777
"AL108SJ",51.747578601277,-0.22638462601789
"AL108SL",51.746840771811,-0.22934009864735
"AL108SN",51.746892993215,-0.22862814538015
"AL108SP",51.747037774233,-0.22689840563183
"AL108SR",51.747132515389,-0.22602541168358
"AL108SS",51.746944888483,-0.22551119528047
"AL108ST",51.746779122787,-0.22644492083548
"AL108SU",51.746693147819,-0.22730307588211
"AL108SW",51.74696977164,-0.22775586117559
"AL108SX",51.746625360534,-0.22817500370034
"AL108SY",51.746548578924,-0.22904728061983
"AL108SZ",51.746011927642,-0.22924212365576
"AL108TA",51.746079722978,-0.22837020907877
"AL108TB",51.745976993097,-0.22692546001699
"AL108TD",51.746162268586,-0.22609240272184
"AL108TE",51.745925525012,-0.22589885072736
"AL108TF",51.746182476964,-0.22504849243678
"AL108TG",51.744836529461,-0.22405816746054
"AL108TH",51.74768298229,-0.2255547073604
"AL108TJ",51.749404943543,-0.22464686431972
"AL108TL",51.745858478347,-0.22503221861641
"AL108TN",51.745010297974,-0.22603612324759
"AL108TP",51.760838765149,-0.22072013590341
"AL108TQ",51.748313416348,-0.22621095456528
"AL108TR",51.761307220966,-0.22017998242412
"AL108TS",51.761594835576,-0.22135707154074
"AL108TT",51.760487344465,-0.22364691458156
"AL108TU",51.759853601873,-0.22336745603956
"AL108TW",51.745272976987,-0.22437426039564
"AL108TX",51.759685886438,-0.22417110504779
"AL108TY",51.760886733043,-0.22448629254332
"AL108TZ",51.761303496539,-0.22231054227651
"AL108UA",51.761303496539,-0.22231054227651
"AL108UB",51.76164415839,-0.22164498718472
"AL108UD",51.761927819899,-0.2207787635899
"AL108UE",51.762082142803,-0.22027993849499
"AL108UG",51.745055938464,-0.22488983073057
"AL108UN",51.74728056916,-0.22332482199807
"AL108UP",51.745306784843,-0.22125812593362
"AL108UR",51.746334680802,-0.22143506084303
"AL108UT",51.747062907588,-0.22201495143841
"AL108UU",51.746905051809,-0.22346994993861
"AL108UW",51.747738946962,-0.22330683395536
"AL108UX",51.746030406528,-0.22212793609576
"AL108UY",51.746247858442,-0.22282929877141
"AL108UZ",51.746422337264,-0.22366274475486
"AL108XB",51.742775273368,-0.21859061423816
"AL108XD",51.76346105439,-0.21513855261642
"AL108XF",51.741257654511,-0.21873723274276
"AL108XP",51.748631147298,-0.22343119411264
"AL108XR",51.748820120506,-0.2228442341617
"AL108XS",51.747797237671,-0.22418833136328
"AL108XT",51.748305397246,-0.22329909262164
"AL108XU",51.748068868164,-0.22312002622996
"AL108XW",51.748380115064,-0.22467256442545
"AL108XX",51.749768884438,-0.2225461889106
"AL108XY",51.749445533851,-0.22316741440927
"AL108YA",51.745699431105,-0.22760275908666
"AL108YE",51.766065328746,-0.21548513455239
"AL108YG",51.765576878958,-0.21470723046817
"AL109AA",51.752415935058,-0.24127891390041
"AL109AB",51.752396325057,-0.24056967957138
"AL109AE",51.763829020555,-0.22458824066097
"AL109AF",51.745362789572,-0.23930733381969
"AL109AG",51.745125810294,-0.23789678427252
"AL109AH",51.766788078742,-0.24496712183811
"AL109AU",51.76397972471,-0.24600363139859
"AL109AX",51.764779036424,-0.24232023852549
"AL109AY",51.764140980533,-0.24535966759101
"AL109AZ",51.765369193764,-0.24450038061123
"AL109BA",51.784263601352,-0.26022428451133
"AL109BB",51.787641809999,-0.26122536157601
"AL109BD",51.770049390199,-0.24355051173648
"AL109BE",51.761176490432,-0.24859050906028
"AL109BG",51.780546546773,-0.24189592154337
"AL109BH",51.781522115378,-0.23318755401754
"AL109BJ",51.775423668195,-0.24571933440516
"AL109BL",51.761414248242,-0.24704509191451
"AL109BP",51.774879269905,-0.25506196016368
"AL109BQ",51.78092837054,-0.24217105390394
"AL109BS",51.771587914522,-0.24059159938123
"AL109BT",51.749826849267,-0.23474358241697
"AL109BU",51.75042340466,-0.23195290193729
"AL109BW",51.768779518772,-0.23442449850542
"AL109BX",51.749722353286,-0.23198028166602
"AL109BY",51.748097614036,-0.23337666084312
"AL109BZ",51.747654597037,-0.23322008914313
"AL109DA",51.749133890155,-0.23291605082333
"AL109DD",51.749266623554,-0.23396854714934
"AL109DE",51.748407203502,-0.23482791401235
"AL109DF",51.749024467493,-0.2352095288721
"AL109DG",51.748905595677,-0.23567779828501
"AL109DH",51.747290607075,-0.23592907918606
"AL109DJ",51.747371341173,-0.23711395915417
"AL109DL",51.747698643229,-0.23855003669687
"AL109DN",51.747270871615,-0.23761046606122
"AL109DP",51.74637368782,-0.23715280432982
"AL109DQ",51.747347217371,-0.2355067181919
"AL109DR",51.746383190427,-0.23658741010033
"AL109DS",51.74586216453,-0.23782466389767
"AL109DU",51.746533887611,-0.23584266035654
"AL109DW",51.74699724206,-0.23795434134127
"AL109DX",51.744977539021,-0.23520790714282
"AL109DY",51.745328500536,-0.23522320270541
"AL109DZ",51.744748126905,-0.23430415001693
"AL109EA",51.744466606679,-0.23472076948674
"AL109EB",51.744042437058,-0.2346214097213
"AL109ED",51.744548439131,-0.23597796695569
"AL109EE",51.743126691526,-0.23532350299678
"AL109EF",51.743488303715,-0.23425186824576
"AL109EG",51.743006657722,-0.23451692431961
"AL109EH",51.775266903899,-0.23824493912469
"AL109EJ",51.747065620879,-0.23951638587387
"AL109EL",51.746558268371,-0.23866684236977
"AL109EN",51.776045016046,-0.2373592887047
"AL109EP",51.741957726074,-0.23234140202383
"AL109EQ",51.743340075766,-0.23635823876421
"AL109ER",51.7431827982,-0.23127950395308
"AL109ES",51.744792494063,-0.23127457432046
"AL109ET",51.745886781909,-0.23886681583499
"AL109EU",51.75958052871,-0.24891313123029
"AL109EW",51.768416303872,-0.24199049378013
"AL109EX",51.761671825314,-0.24141195244897
"AL109EY",51.761671825314,-0.24141195244897
"AL109EZ",51.765797687741,-0.24128057911976
"AL109FA",51.775923090362,-0.23402966888254
"AL109FB",51.775084187846,-0.23745472149705
"AL109FD",51.77655774127,-0.23377292827248
"AL109FE",51.776568055516,-0.23565719738456
"AL109FF",51.776612195774,-0.23680077695492
"AL109FG",51.775462405776,-0.23509144929932
"AL109FH",51.775701813058,-0.23486464915341
"AL109FJ",51.777248519272,-0.23545667906033
"AL109FL",51.773220526036,-0.23671554432037
"AL109FN",51.774529560822,-0.2358526906905
"AL109FP",51.773806113713,-0.23618533555004
"AL109FQ",51.773442469467,-0.23592408285958
"AL109FR",51.772372701152,-0.23595130701316
"AL109FT",51.773385271125,-0.23750642689393
"AL109FW",51.774594119602,-0.2383581257867
"AL109FX",51.773711357594,-0.23826203804047
"AL109FY",51.773025808557,-0.23872362912201
"AL109FZ",51.771861407986,-0.2366380607215
"AL109GA",51.768106483773,-0.24472754564534
"AL109GB",51.768655706736,-0.24537300270443
"AL109GD",51.767882411044,-0.24598278106065
"AL109GE",51.768423968407,-0.24551244419329
"AL109GF",51.765979790714,-0.24624496491815
"AL109GG",51.767190466736,-0.24541533495845
"AL109GH",51.76787990837,-0.24641771818876
"AL109GJ",51.767418623743,-0.24563839891672
"AL109GL",51.767251794487,-0.24771757695784
"AL109GN",51.77532251331,-0.23715549268107
"AL109GP",51.76821652211,-0.24788313785435
"AL109GQ",51.768012824044,-0.24809395270455
"AL109GR",51.774788754512,-0.23694434570448
"AL109GS",51.775097098222,-0.23591753629162
"AL109GT",51.76450307306,-0.23950470730328
"AL109GU",51.76450307306,-0.23950470730328
"AL109GW",51.764118671477,-0.24025883102857
"AL109GX",51.764074476781,-0.23970979828723
"AL109GY",51.763604411532,-0.24014839133577
"AL109GZ",51.767313575331,-0.24884575392221
"AL109HA",51.757695347811,-0.23650896578581
"AL109HB",51.756912752935,-0.2364959857964
"AL109HD",51.756478075933,-0.2362955571334
"AL109HE",51.756730245069,-0.23572057687713
"AL109HF",51.756389866141,-0.23521216898031
"AL109HG",51.755484920974,-0.2354358333454
"AL109HH",51.754454413781,-0.2332879587727
"AL109HJ",51.754938886072,-0.23321108630323
"AL109HL",51.763829020555,-0.22458824066097
"AL109HN",51.753003131291,-0.23186663042219
"AL109HP",51.75589959301,-0.23610073664732
"AL109HQ",51.755469258994,-0.23439311253694
"AL109HR",51.756466540456,-0.23732486978341
"AL109HS",51.756454344631,-0.23831073440857
"AL109HT",51.755610739117,-0.23722778199947
"AL109HU",51.754714358028,-0.23562526913982
"AL109HW",51.755349812486,-0.23602072765569
"AL109HX",51.754822330991,-0.23802648379987
"AL109HY",51.755061610958,-0.23719120607832
"AL109HZ",51.754450002244,-0.23718604506107
"AL109JA",51.753979018551,-0.23636395421184
"AL109JB",51.753668491051,-0.23365190757436
"AL109JD",51.753247887809,-0.23498691092187
"AL109JE",51.75405113798,-0.23457884234551
"AL109JG",51.753647803622,-0.23227615211217
"AL109JH",51.765007197583,-0.24796393807045
"AL109JJ",51.765113024482,-0.24722065736489
"AL109JL",51.751204080769,-0.23363215466518
"AL109JN",51.750942136822,-0.2311647106835
"AL109JP",51.754138470799,-0.23380745076506
"AL109JQ",51.752284145719,-0.2336914370678
"AL109JR",51.76476741091,-0.24877037490451
"AL109JS",51.771072517907,-0.23201568849814
"AL109JT",51.772020212227,-0.23164523953981
"AL109JU",51.773506033233,-0.23177560598678
"AL109JW",51.750951726042,-0.23180186402718
"AL109JX",51.774507870991,-0.23141751049577
"AL109JY",51.774787095935,-0.23204445628316
"AL109JZ",51.766137728228,-0.24778971272453
"AL109LA",51.774537286707,-0.23337343223938
"AL109LB",51.774131964259,-0.23333127656644
"AL109LD",51.772888815487,-0.23319137895213
"AL109LE",51.772556541371,-0.23262450980719
"AL109LF",51.773010168877,-0.23408541175821
"AL109LG",51.773820748749,-0.2347640986495
"AL109LH",51.772352253,-0.23458946885503
"AL109LJ",51.771519364059,-0.23541924665884
"AL109LL",51.763202923978,-0.24758451210862
"AL109LN",51.771062270058,-0.23372658330524
"AL109LP",51.76261792911,-0.24815790086519
"AL109LQ",51.772903488463,-0.23536525112028
"AL109LR",51.763821307321,-0.24864756515668
"AL109LS",51.762277547108,-0.24885224347983
"AL109LT",51.764260255128,-0.24732615955839
"AL109LU",51.763741571763,-0.2493318382868
"AL109LW",51.77164899065,-0.23267446488895
"AL109LX",51.763200029763,-0.24678749993472
"AL109LY",51.763909424703,-0.24671653299233
"AL109LZ",51.771287242932,-0.2331379675777
"AL109NA",51.761846825117,-0.24228920886338
"AL109NB",51.765481159095,-0.24477142056698
"AL109NE",51.761350435742,-0.24277225279859
"AL109NG",51.761987558582,-0.23967503985137
"AL109NH",51.758167495379,-0.24582313718132
"AL109NJ",51.758141054493,-0.24646179021312
"AL109NL",51.758541767013,-0.24438844554523
"AL109NN",51.757848401594,-0.24432839362829
"AL109NP",51.756742527361,-0.24615369795383
"AL109NR",51.756963640018,-0.2465074088709
"AL109NS",51.755737395795,-0.24629408208472
"AL109NT",51.755024666528,-0.24553920745438
"AL109NU",51.763727774176,-0.24418723703233
"AL109NW",51.757503183336,-0.24409543257086
"AL109NX",51.764479030239,-0.24631762819097
"AL109NY",51.7541816562,-0.24509370421358
"AL109NZ",51.765764542406,-0.24507929485614
"AL109PA",51.754352764553,-0.24089936139541
"AL109PB",51.755075594254,-0.24172621291397
"AL109PD",51.755958097748,-0.23940237391322
"AL109PE",51.755643956404,-0.23944357514842
"AL109PF",51.754921483964,-0.24044254259866
"AL109PH",51.7572944685,-0.23916200146234
"AL109PJ",51.758509690566,-0.23983930396621
"AL109PL",51.765436184462,-0.24899088598662
"AL109PN",51.752770563272,-0.24033778580296
"AL109PQ",51.756749587435,-0.2400091940282
"AL109PR",51.766543479078,-0.24786096409631
"AL109PS",51.766444656887,-0.24666177189399
"AL109PT",51.763829020555,-0.22458824066097
"AL109PW",51.75779505527,-0.2383599867853
"AL109QB",51.74826237805,-0.23416709396284
"AL109QD",51.746620930981,-0.23385442906354
"AL109QE",51.746913914369,-0.23479920646503
"AL109QF",51.745838616041,-0.23326197722147
"AL109QG",51.745886035778,-0.23462196570899
"AL109QH",51.744637630131,-0.23233819311765
"AL109QJ",51.744142586055,-0.23290802853312
"AL109QL",51.743448402428,-0.23219628891969
"AL109QN",51.744150858932,-0.23345821521585
"AL109QP",51.742744182146,-0.23320887349174
"AL109QQ",51.745478318998,-0.23442054993472
"AL109QR",51.742169193783,-0.23504211486418
"AL109QS",51.742246458169,-0.23599521103
"AL109QT",51.742321317529,-0.23319639938607
"AL109QU",51.745234152073,-0.23193823137743
"AL109QW",51.743040717802,-0.2337912595468
"AL109QX",51.746669199054,-0.23347586082876
"AL109QY",51.747702737582,-0.23402955134271
"AL109QZ",51.763955642396,-0.23838102624408
"AL109RA",51.763396137842,-0.23885209968303
"AL109RB",51.75527323648,-0.25377473765805
"AL109RD",51.763120028461,-0.2396309835758
"AL109RE",51.763120028461,-0.2396309835758
"AL109RF",51.754544401963,-0.2543534903706
"AL109RH",51.759573651739,-0.24302964178667
"AL109RJ",51.75901278961,-0.24581935621327
"AL109RN",51.758787788217,-0.24821921713801
"AL109RP",51.758075152977,-0.24807290305824
"AL109RQ",51.763120028461,-0.2396309835758
"AL109RR",51.757488913408,-0.24735653800816
"AL109RS",51.756882703534,-0.24771330962797
"AL109RT",51.756039868124,-0.25029633395176
"AL109RU",51.758330259316,-0.25433789093962
"AL109RW",51.757785321043,-0.24914199693795
"AL109RX",51.758615868749,-0.25116768590775
"AL109RY",51.758282085852,-0.25170228112346
"AL109RZ",51.75749353833,-0.25008073033982
"AL109SA",51.757104174135,-0.25111016965855
"AL109SB",51.757133685957,-0.25309432586431
"AL109SD",51.757733347355,-0.25350592187672
"AL109SE",51.75754125895,-0.25207869129625
"AL109SF",51.75826481631,-0.25235506928603
"AL109SG",51.758467970517,-0.24908660390288
"AL109SH",51.745514705118,-0.23624455932861
"AL109SJ",51.765391331675,-0.23636845340169
"AL109SL",51.77431500191,-0.24916906616454
"AL109SN",51.766544272639,-0.23888899447313
"AL109SP",51.756296526,-0.24459146606869
"AL109SQ",51.759058736503,-0.24407855376608
"AL109SR",51.756575896164,-0.24523272790973
"AL109SS",51.755360271044,-0.24452634298175
"AL109ST",51.755879719266,-0.24498439318721
"AL109SU",51.756227336244,-0.24417391232933
"AL109SW",51.755522027708,-0.24572279834964
"AL109SX",51.755975403359,-0.2465746771773
"AL109SY",51.755675160519,-0.24513723264529
"AL109SZ",51.756120849437,-0.24607635181808
"AL109TB",51.755023727808,-0.24246724621427
"AL109TF",51.763132185034,-0.23744204312404
"AL109TG",51.773582850166,-0.24710991104175
"AL109TH",51.773582850166,-0.24710991104175
"AL109TP",51.775000860317,-0.24751885860622
"AL109TQ",51.773398312621,-0.24981339933367
"AL109TR",51.769867292177,-0.24942818115464
"AL109TW",51.772248380832,-0.24205900638859
"AL109TX",51.773659800959,-0.24383071447988
"AL109TY",51.774028696042,-0.24625182767703
"AL109UA",51.769838462799,-0.23307859078437
"AL109UB",51.76364862336,-0.24310330951821
"AL109UD",51.763162187149,-0.24425266330665
"AL109UE",51.763180929079,-0.24249826261283
"AL109UF",51.762133148575,-0.24761144861638
"AL109UG",51.762133148575,-0.24761144861638
"AL109UH",51.762013801172,-0.243833452039
"AL109UJ",51.76689962151,-0.2355994341881
"AL109UL",51.767094814564,-0.23662092689687
"AL109UN",51.754801078246,-0.23241948784134
"AL109UP",51.754499958651,-0.23153284167253
"AL109US",51.769675298465,-0.23898453610282
"AL109UT",51.74986141429,-0.23704597231027
"AL109XQ",51.763829020555,-0.22458824066097
"AL109YX",51.763829020555,-0.22458824066097
"AL109ZX",51.763829020555,-0.22458824066097
"AL21AB",51.715815076332,-0.28084892106121
"AL21AD",51.717131065129,-0.29959190488071
"AL21AE",51.710076383213,-0.29558606957372
"AL21AF",51.711812747158,-0.29935709702959
"AL21AG",51.711812747158,-0.29935709702959
"AL21AH",51.71437143323,-0.29843588852217
"AL21AP",51.729806377722,-0.31736398994209
"AL21AT",51.71776075103,-0.28475672660482
"AL21AU",51.718036636555,-0.28455806337067
"AL21AW",51.727601213336,-0.31660595012402
"AL21AY",51.72136712993,-0.28784920675793
"AL21AZ",51.719769656378,-0.28437663316871
"AL21BA",51.720512707894,-0.28168428638551
"AL21BB",51.721459070806,-0.27998323192593
"AL21BE",51.719062952203,-0.28586576186617
"AL21BG",51.718420028332,-0.28617965323823
"AL21BH",51.717161094163,-0.28372249881671
"AL21BJ",51.718445814299,-0.28671439291521
"AL21BL",51.718528545677,-0.28498828777208
"AL21BP",51.71684237848,-0.28160626146261
"AL21BS",51.718051423452,-0.28557100942706
"AL21BT",51.713659257472,-0.26755368538952
"AL21BU",51.711294584319,-0.27064069358245
"AL21BW",51.717174927276,-0.28528563941305
"AL21BX",51.716296699653,-0.27689260968427
"AL21BY",51.713400964517,-0.28057854763738
"AL21BZ",51.711164277053,-0.27707321815515
"AL21DA",51.713955592953,-0.28099183044481
"AL21DE",51.711680653375,-0.284089233017
"AL21DF",51.711636538801,-0.28537932055629
"AL21DG",51.714057211142,-0.29723158582738
"AL21DH",51.729881739325,-0.30820832240355
"AL21DJ",51.73040709908,-0.30597287121618
"AL21DL",51.73040709908,-0.30597287121618
"AL21DN",51.730739675475,-0.30533768009859
"AL21DP",51.71798243995,-0.287007003122
"AL21DQ",51.715547604473,-0.2976823224554
"AL21DR",51.710398738392,-0.28313889419189
"AL21DT",51.71986007311,-0.28810885153061
"AL21DW",51.727975270342,-0.30571623522306
"AL21DY",51.717760304717,-0.2859584639506
"AL21DZ",51.729072273432,-0.30259051457474
"AL21EA",51.729244500026,-0.30143996797103
"AL21EB",51.727652476859,-0.29893639244644
"AL21ED",51.726767836152,-0.29808623877607
"AL21EE",51.72660485906,-0.29987356819502
"AL21EF",51.726973146013,-0.29922256385857
"AL21EG",51.727373253756,-0.30014884915154
"AL21EH",51.726158760499,-0.2988766213618
"AL21EJ",51.726112508539,-0.29754608679785
"AL21EL",51.747348571859,-0.30026826935383
"AL21EN",51.725675050555,-0.29838794418288
"AL21EP",51.723686454696,-0.30328460195843
"AL21EQ",51.726592980309,-0.30153936988881
"AL21ER",51.723474917942,-0.30295947437645
"AL21ES",51.72440339385,-0.30062227777635
"AL21ET",51.725324720697,-0.29841558133503
"AL21EU",51.725762147413,-0.2969510448305
"AL21EW",51.724703144554,-0.30082824738834
"AL21EY",51.725142623139,-0.29764045116524
"AL21EZ",51.718749052717,-0.29148095659351
"AL21FD",51.720383358352,-0.31059003167485
"AL21FE",51.724256632627,-0.30665171310905
"AL21FF",51.717431807722,-0.27457633597552
"AL21FG",51.725109256245,-0.295339243364
"AL21FH",51.725349416941,-0.29515643667323
"AL21GA",51.722111674187,-0.30945408787118
"AL21GB",51.721483954437,-0.309578862464
"AL21GD",51.720935462937,-0.3095848420907
"AL21GE",51.720393009244,-0.31001049760593
"AL21GF",51.721471891616,-0.3118671053053
"AL21GG",51.720107801101,-0.31144010108284
"AL21GH",51.720242787033,-0.31207216121386
"AL21GJ",51.720625440569,-0.31304251036527
"AL21GL",51.720858250289,-0.31359854480233
"AL21GN",51.721136621773,-0.31419632876393
"AL21GP",51.72130433969,-0.31335027051007
"AL21GQ",51.72189527972,-0.31316899844853
"AL21GR",51.72193949191,-0.29195434992778
"AL21GX",51.724159313263,-0.29370971215105
"AL21GY",51.72562893839,-0.30515232446122
"AL21GZ",51.723282498445,-0.30832438754169
"AL21HA",51.724929112797,-0.29593973460668
"AL21HB",51.724013787603,-0.29607552026811
"AL21HD",51.724163187476,-0.29521554766096
"AL21HE",51.723707730233,-0.29543540891191
"AL21HG",51.719603554365,-0.28778552067673
"AL21HJ",51.720619679262,-0.28654533430281
"AL21HL",51.722337703276,-0.29460366234887
"AL21HN",51.728883252048,-0.29946946537643
"AL21HP",51.725750395836,-0.29614054525316
"AL21HQ",51.719424062077,-0.29461194910027
"AL21HR",51.726244325947,-0.29609300880444
"AL21HS",51.728991272844,-0.29823443010617
"AL21HT",51.728102221941,-0.29708031255382
"AL21HU",51.729464082277,-0.29797047145326
"AL21HW",51.727192768673,-0.29762134900673
"AL21HX",51.729388370937,-0.29708989821042
"AL21HY",51.729024857402,-0.2968284010777
"AL21HZ",51.728332312094,-0.29620274909029
"AL21JA",51.728060107908,-0.29541648464839
"AL21JB",51.728396993051,-0.29446248359658
"AL21JD",51.727290979779,-0.29385244598676
"AL21JE",51.727520227492,-0.2960160626943
"AL21JF",51.726782777052,-0.29601483402442
"AL21JG",51.725502544264,-0.29393426968045
"AL21JH",51.724322199511,-0.29439864938938
"AL21JJ",51.725052664545,-0.29329956901127
"AL21JL",51.72487284711,-0.29268366666552
"AL21JN",51.725768111596,-0.29055017239124
"AL21JP",51.724376967944,-0.29197831750971
"AL21JQ",51.724372812713,-0.29478772202849
"AL21JR",51.724023273275,-0.2917744412546
"AL21JS",51.723837789933,-0.29324396301591
"AL21JT",51.723365243415,-0.29166892408252
"AL21JU",51.72299062517,-0.29126312039788
"AL21JW",51.724953631374,-0.28958172113158
"AL21JX",51.723590273136,-0.29292023630471
"AL21JY",51.72369697237,-0.29407465215309
"AL21JZ",51.724935330734,-0.29512857398986
"AL21LB",51.72649769136,-0.29124671385822
"AL21LD",51.727206404077,-0.29236402953753
"AL21LE",51.727275303577,-0.29153598214872
"AL21LF",51.72598816347,-0.29207687537441
"AL21LG",51.716815596683,-0.29830069881888
"AL21LJ",51.718082632638,-0.29637090393976
"AL21LL",51.717953581426,-0.29925699609005
"AL21LN",51.719709665536,-0.30066797059017
"AL21LP",51.723772979452,-0.30491765289293
"AL21LQ",51.718367980963,-0.29682349756325
"AL21LS",51.724074411098,-0.3033714392477
"AL21LT",51.724329216061,-0.30357910820649
"AL21LU",51.724942907418,-0.3012392004931
"AL21LW",51.721881912952,-0.302874331519
"AL21LX",51.725323981197,-0.30271645149408
"AL21LZ",51.724772559602,-0.30438791405036
"AL21NA",51.724570431879,-0.30409138293541
"AL21NB",51.725064986499,-0.30471003102706
"AL21ND",51.725294912578,-0.30506345193576
"AL21NE",51.726074806972,-0.30426677565044
"AL21NF",51.726050773368,-0.30322503031357
"AL21NG",51.726539272139,-0.30342395686079
"AL21NH",51.725647761646,-0.3020961190431
"AL21NJ",51.725446009823,-0.29996049271092
"AL21NL",51.719104071834,-0.29921382306972
"AL21NP",51.725890424684,-0.30084164865154
"AL21NQ",51.725810378741,-0.3015252623319
"AL21NS",51.719253291541,-0.29214246209991
"AL21NT",51.719740444014,-0.29348514718684
"AL21NU",51.720205463312,-0.29268575325936
"AL21NW",51.719315483988,-0.29642591464509
"AL21NX",51.719986534492,-0.29185420380348
"AL21NY",51.719262388877,-0.29338731558569
"AL21NZ",51.720784964395,-0.29357613087104
"AL21PA",51.719967509065,-0.29425847665649
"AL21PB",51.720346989405,-0.29561973389452
"AL21PD",51.720179489981,-0.2983336646353
"AL21PE",51.720824582025,-0.29506603002398
"AL21PF",51.721629016243,-0.29658510200333
"AL21PG",51.720837934205,-0.298468215695
"AL21PH",51.721399834753,-0.29938829878766
"AL21PJ",51.721062511825,-0.30155841584558
"AL21PL",51.721938125457,-0.30116360218502
"AL21PN",51.721904064021,-0.30191783157509
"AL21PP",51.723596768875,-0.30143446945949
"AL21PQ",51.720571068378,-0.30053431484107
"AL21PR",51.723598332003,-0.29781431067632
"AL21PS",51.723134954772,-0.29872949254505
"AL21PT",51.722968825994,-0.30029959108141
"AL21PU",51.722360896688,-0.29806351211881
"AL21PW",51.723381041108,-0.30081990162481
"AL21PX",51.718468275752,-0.29320003632629
"AL21PY",51.718163254895,-0.29263237596965
"AL21PZ",51.717644306401,-0.29343376449785
"AL21QA",51.719351619877,-0.28901127997768
"AL21QD",51.718250718392,-0.29370050512584
"AL21QF",51.72314133758,-0.29358876036159
"AL21QG",51.722832322727,-0.29274606686596
"AL21QH",51.722477577621,-0.29246983060512
"AL21QJ",51.722146277376,-0.29256919372955
"AL21QL",51.721605667276,-0.29188005336923
"AL21QN",51.721587419246,-0.29124363121063
"AL21QP",51.720462570987,-0.29057655247256
"AL21QQ",51.722475319488,-0.29293327741564
"AL21QR",51.720068638508,-0.28946202669371
"AL21QS",51.719474998624,-0.28945547422181
"AL21QT",51.7206069455,-0.2899919282745
"AL21QU",51.718689001185,-0.28735674829295
"AL21QW",51.72082883489,-0.29102608200696
"AL21QX",51.718659376603,-0.28779223304654
"AL21QY",51.718470282882,-0.28839300675051
"AL21QZ",51.718304988937,-0.28877569598468
"AL21RB",51.718624494382,-0.28971923522587
"AL21RD",51.718866190816,-0.29026031290225
"AL21RE",51.719208935532,-0.28971165941037
"AL21RF",51.719898422259,-0.29074262389347
"AL21RG",51.72105886186,-0.29200202062044
"AL21RH",51.720470422683,-0.2917346095661
"AL21RJ",51.722100760076,-0.29315010607389
"AL21RL",51.721886356149,-0.29386769487942
"AL21RN",51.721913998366,-0.29453272828479
"AL21RP",51.722739812456,-0.29380660219689
"AL21RQ",51.721211141181,-0.29319809230268
"AL21RR",51.72251461165,-0.29563956916896
"AL21RS",51.722139874102,-0.29646453977826
"AL21RT",51.722607259849,-0.29644696966171
"AL21RU",51.723369996511,-0.2963314135929
"AL21RW",51.721362902542,-0.29621863274373
"AL21RX",51.724393486339,-0.29807405398048
"AL21RY",51.718750374617,-0.29219037113545
"AL21RZ",51.723058271347,-0.29530055633486
"AL21SA",51.721551616235,-0.29558890840965
"AL21SS",51.725722379699,-0.30477232147481
"AL21TA",51.718981668143,-0.28337845652878
"AL21TB",51.718313056055,-0.28254953499785
"AL21TD",51.719294242838,-0.28261370638924
"AL21TE",51.717703657774,-0.28208035643365
"AL21TF",51.717673616985,-0.2812562183866
"AL21TG",51.718744799071,-0.28193954032061
"AL21TH",51.717931402052,-0.28043563986293
"AL21TJ",51.717182386874,-0.27903069676776
"AL21TL",51.717530537156,-0.28069698290382
"AL21TN",51.718204352035,-0.28372642934302
"AL21UA",51.721774002686,-0.30661416338347
"AL21UB",51.722400675781,-0.30641698585471
"AL21UD",51.722810324859,-0.31614680268547
"AL21UE",51.72462297268,-0.3146168937247
"AL21UF",51.724565833039,-0.31314198908684
"AL21UG",51.72382452971,-0.31412529448483
"AL21UH",51.721195670232,-0.30392808421136
"AL21UJ",51.721664523222,-0.31526267281416
"AL21UL",51.724009759426,-0.30699399058272
"AL21UN",51.723619791278,-0.30989015841379
"AL21UP",51.724455869383,-0.31049612303576
"AL21UQ",51.724383936001,-0.31362662122688
"AL21UR",51.724104982206,-0.3092349178134
"AL21US",51.723347271771,-0.31220269040194
"AL21UT",51.722415032844,-0.31429357141305
"AL21UW",51.723333402062,-0.31311546548085
"AL21UX",51.721403817322,-0.31088502295964
"AL21XA",51.747348571859,-0.30026826935383
"AL21ZX",51.747348571859,-0.30026826935383
"AL22AA",51.722602904312,-0.35546776518051
"AL22AB",51.721019613336,-0.35928988383333
"AL22AD",51.720806238817,-0.34855388246066
"AL22AE",51.712497576782,-0.35246129147428
"AL22AF",51.715386569761,-0.34558072875931
"AL22AG",51.708850362276,-0.35402691156109
"AL22AH",51.71402291649,-0.3528546486142
"AL22AJ",51.714572429764,-0.35292154565626
"AL22AL",51.71358062051,-0.35081497012562
"AL22AN",51.714313153567,-0.3511068211829
"AL22AP",51.71505522796,-0.35207878069723
"AL22AQ",51.71296538253,-0.35247324368626
"AL22AR",51.715296398579,-0.35068015771759
"AL22AS",51.714979974472,-0.35056137292497
"AL22AT",51.714340216233,-0.34983182954215
"AL22AU",51.715321533572,-0.34734937885212
"AL22AW",51.714616676831,-0.35158801341822
"AL22AX",51.716070505095,-0.34561367732656
"AL22AY",51.71498002968,-0.34608780396273
"AL22AZ",51.714733824662,-0.34712468871075
"AL22BA",51.71354166726,-0.34996223836989
"AL22BB",51.712197820725,-0.35096661184944
"AL22BD",51.712429335133,-0.35016196942302
"AL22BE",51.713545616534,-0.34896317452883
"AL22BG",51.712380575613,-0.34925170994981
"AL22BH",51.714302347555,-0.34777742500555
"AL22BJ",51.714263168549,-0.34691021288818
"AL22BL",51.714705647763,-0.35023837319712
"AL22BN",51.715819665114,-0.34504371912992
"AL22BQ",51.713431690181,-0.34789602083379
"AL22DA",51.747348571859,-0.30026826935383
"AL22DB",51.71007537406,-0.3249001312982
"AL22DD",51.719023474383,-0.33185231300139
"AL22DJ",51.716340602811,-0.3443587107601
"AL22DL",51.708952304086,-0.32876320293583
"AL22DP",51.723605762342,-0.35323036369729
"AL22DQ",51.705935255154,-0.32529915179314
"AL22DR",51.720004375402,-0.33379985829039
"AL22DS",51.720027020238,-0.35776206874019
"AL22DU",51.719370768276,-0.36228880029631
"AL22DW",51.724813376535,-0.35212938602215
"AL22DY",51.708547151327,-0.31488160623402
"AL22DZ",51.708526870657,-0.32604300821784
"AL22EA",51.717849614536,-0.34934210099034
"AL22EB",51.707527262645,-0.32720898039483
"AL22EJ",51.701986482383,-0.32524234915126
"AL22EL",51.709050277504,-0.32996107468297
"AL22EN",51.705913551591,-0.32819489409318
"AL22ES",51.730433947283,-0.33744244452777
"AL22ET",51.728270422572,-0.32441577096405
"AL22EW",51.717543615393,-0.33403510484532
"AL22EX",51.729093938861,-0.32793343171954
"AL22EZ",51.722217733563,-0.33704885625438
"AL22FB",51.718138241904,-0.33347754018019
"AL22FD",51.71791672484,-0.33244323118053
"AL22FE",51.717646762649,-0.33116458207015
"AL22FF",51.717267714149,-0.33233680412988
"AL22FG",51.717520569371,-0.33177732139084
"AL22FH",51.718638258453,-0.33259042919074
"AL22FJ",51.720745909843,-0.34554436405398
"AL22FL",51.704145296818,-0.32653766332869
"AL22FN",51.720606333173,-0.35032764876833
"AL22GZ",51.717952392071,-0.34897639517382
"AL22HD",51.724630462949,-0.3506300511037
"AL22HE",51.723752001301,-0.3482727654058
"AL22HF",51.722444312545,-0.34545339864466
"AL22HG",51.723607091742,-0.34947991382612
"AL22HH",51.723045374489,-0.34854468383439
"AL22HJ",51.721764898723,-0.34446462236072
"AL22HL",51.720155548066,-0.34513153896974
"AL22HN",51.718768580587,-0.34754222221145
"AL22HP",51.71714374198,-0.34710919971761
"AL22HQ",51.722358829757,-0.34768642795452
"AL22HR",51.717567855717,-0.34657251122569
"AL22HS",51.718519582182,-0.34710246096849
"AL22HT",51.718531905902,-0.34542248217281
"AL22HU",51.719757028863,-0.34365474370128
"AL22HW",51.718180803107,-0.3485916316061
"AL22HX",51.719915121294,-0.34466250620184
"AL22HY",51.720284284232,-0.34341828494799
"AL22HZ",51.721104686526,-0.34292495142363
"AL22JA",51.718683947766,-0.34281075604029
"AL22JB",51.720286542997,-0.34230329875487
"AL22JD",51.718715176001,-0.34438779953844
"AL22JE",51.722137016321,-0.33642918383437
"AL22JF",51.71708704927,-0.34436040142157
"AL22JG",51.716940344142,-0.34543714663064
"AL22JH",51.71947125592,-0.34188426976344
"AL22JJ",51.713035672019,-0.34979245578777
"AL22JL",51.717245793724,-0.34350038346524
"AL22JN",51.717653750761,-0.34309455624816
"AL22JQ",51.717629209207,-0.34454329510305
"AL22JR",51.721142790289,-0.33671183261907
"AL22JS",51.719891875444,-0.33474513946119
"AL22JU",51.715924024814,-0.33080815065349
"AL22JX",51.714078232542,-0.33191848468125
"AL22JY",51.712617131012,-0.33098782359727
"AL22JZ",51.712315226644,-0.33125952002544
"AL22LA",51.710839639003,-0.33057554510958
"AL22LB",51.711673613131,-0.33167400417112
"AL22LD",51.713729174007,-0.33266966603501
"AL22LE",51.714574948032,-0.33333347467701
"AL22LF",51.714964687451,-0.33291377232635
"AL22LH",51.717627547229,-0.33361214525158
"AL22LJ",51.721088177621,-0.35840415225435
"AL22LL",51.718858418135,-0.33479759011094
"AL22LN",51.717719800105,-0.33567917351399
"AL22LP",51.719330735784,-0.3351277318256
"AL22LQ",51.717303144977,-0.33356615867394
"AL22LR",51.719896421689,-0.33570059672518
"AL22LS",51.718249222378,-0.33432769878468
"AL22LU",51.720102801993,-0.33693823081828
"AL22LW",51.718088353848,-0.33630269741989
"AL22LX",51.719265728529,-0.33943036831429
"AL22LZ",51.721385567551,-0.33988844010402
"AL22NA",51.722126886356,-0.33889113274174
"AL22NB",51.721655397614,-0.33861882069563
"AL22ND",51.721655174642,-0.33796724178022
"AL22NE",51.721268857451,-0.33735878733303
"AL22NF",51.716762816614,-0.33351363340729
"AL22NG",51.718023862416,-0.33112174009042
"AL22NJ",51.719183150193,-0.33359838672617
"AL22NL",51.72042629143,-0.33501508930082
"AL22NN",51.729341727772,-0.34033551290988
"AL22NP",51.729124551197,-0.33896766923551
"AL22NR",51.729891236073,-0.33976505359255
"AL22NS",51.730375944031,-0.33779215318455
"AL22NT",51.730049061182,-0.33693520257117
"AL22NU",51.729446477466,-0.33820279189322
"AL22NW",51.730079193296,-0.34161191316686
"AL22NX",51.728404215011,-0.33763278222464
"AL22NY",51.727892530045,-0.33896939158133
"AL22NZ",51.726262359776,-0.33879745333677
"AL22PA",51.7254352386,-0.33945045655341
"AL22PB",51.723499073728,-0.34053502827138
"AL22PD",51.723713777978,-0.34109189994161
"AL22PE",51.723440401192,-0.33829273320342
"AL22PG",51.722222214771,-0.33673013408446
"AL22PH",51.721796482766,-0.33651408330327
"AL22PJ",51.721030596591,-0.3357747817203
"AL22PL",51.721182339819,-0.33505971054428
"AL22PN",51.720499462655,-0.33573636853772
"AL22PP",51.72276610757,-0.34021434777405
"AL22PQ",51.723057831487,-0.33477360175032
"AL22PR",51.722159957041,-0.33805008783267
"AL22PS",51.722366485039,-0.33802803371047
"AL22PT",51.722901098436,-0.33831250911757
"AL22PU",51.722507793699,-0.33657485254483
"AL22PW",51.721934407,-0.33736332896155
"AL22PX",51.72306106426,-0.33881344900085
"AL22PY",51.723400166959,-0.33862725481417
"AL22PZ",51.728945426911,-0.34284094086322
"AL22QA",51.722190587021,-0.33767248750911
"AL22QB",51.724138684547,-0.34125011056584
"AL22QE",51.722014623504,-0.34751074042706
"AL22QF",51.722195490218,-0.34566520145211
"AL22QG",51.724051293752,-0.35101314345278
"AL22QH",51.723385838338,-0.35229714005138
"AL22QJ",51.722638280963,-0.35093424071196
"AL22QL",51.72250612876,-0.35305312412412
"AL22QN",51.721575246195,-0.3527249625684
"AL22QP",51.721339440714,-0.34810006444651
"AL22QQ",51.723536312016,-0.35084363950761
"AL22QR",51.721782315366,-0.34825767799976
"AL22QS",51.721430048416,-0.34559178631531
"AL22QT",51.720595935761,-0.34638964200183
"AL22QU",51.720383647342,-0.34728062464592
"AL22QW",51.722054792651,-0.35165050468362
"AL22QX",51.719596157039,-0.34691840772484
"AL22QY",51.718922163817,-0.34823160612146
"AL22QZ",51.719360492761,-0.35190776593486
"AL22RA",51.719243675755,-0.34871217209076
"AL22RB",51.720315536575,-0.34883239018868
"AL22RD",51.719226834383,-0.35007380400559
"AL22RE",51.719657713502,-0.34937760233986
"AL22RF",51.719774675321,-0.35066198175142
"AL22RH",51.720042752975,-0.34606232549419
"AL22RP",51.71656020113,-0.34909949664561
"AL22RQ",51.720861077132,-0.33650497999771
"AL22RR",51.717543804326,-0.34933875971641
"AL22RS",51.717262965712,-0.3485526812895
"AL22RT",51.716842580446,-0.34807574060832
"AL22RU",51.715881055491,-0.34748823508833
"AL22RW",51.717538023742,-0.35020767290727
"AL22RX",51.715666112874,-0.34819100479071
"AL22RY",51.716284039862,-0.34864625968946
"AL22RZ",51.71606579415,-0.34975453180236
"AL22SA",51.715419889356,-0.3492278943158
"AL22SB",51.71514511065,-0.34951297579679
"AL22SD",51.715774053462,-0.35011262072034
"AL22SE",51.715858910522,-0.35167313866377
"AL22SF",51.716944976554,-0.35280637596301
"AL22SG",51.716161065996,-0.35141602590544
"AL22SH",51.71665263814,-0.35055841744335
"AL22SJ",51.718003749077,-0.35071194758277
"AL22SL",51.714797813866,-0.34975726125998
"AL22SN",51.716350781606,-0.34955594212639
"AL22SP",51.720407203035,-0.34575943909822
"AL22SQ",51.716787563289,-0.35184206153514
"AL22TB",51.718444737017,-0.34242857812113
"AL22TS",51.721044372207,-0.3495008518086
"AL22TT",51.721184844387,-0.35053826296948
"AL22TU",51.72110100251,-0.35161279858565
"AL22TX",51.720928087924,-0.35018562146802
"AL22TY",51.720722524643,-0.35091707448119
"AL22TZ",51.720355164751,-0.35165440549198
"AL22WH",51.720230726407,-0.33390737064568
"AL22ZQ",51.747348571859,-0.30026826935383
"AL23AA",51.732132738182,-0.35655565523845
"AL23AB",51.732936556857,-0.35680167603972
"AL23AD",51.732383462975,-0.35905213742431
"AL23AE",51.731984938057,-0.35884932842554
"AL23AF",51.731493403287,-0.35906989465089
"AL23AG",51.730434851351,-0.35732689023292
"AL23AH",51.728181807775,-0.35891468130495
"AL23AJ",51.727955893469,-0.36012484444888
"AL23AL",51.727459575369,-0.36322737354688
"AL23AN",51.728191003143,-0.36150658426403
"AL23AP",51.72899057764,-0.36015980425786
"AL23AQ",51.729420193857,-0.35872500270037
"AL23AR",51.728948053643,-0.36162402603426
"AL23AS",51.729229830592,-0.36119385555745
"AL23AT",51.7301818968,-0.36175319498926
"AL23AW",51.728687896688,-0.35973630177158
"AL23AX",51.730257547585,-0.36008498050567
"AL23AY",51.730042127634,-0.36075896658785
"AL23AZ",51.730765631871,-0.35847350381244
"AL23BA",51.731093374635,-0.3606919632607
"AL23BB",51.731443924892,-0.36067927833614
"AL23BD",51.731117005359,-0.35980766340736
"AL23BE",51.732908739856,-0.36124905084741
"AL23BG",51.73202504321,-0.36107825628669
"AL23BH",51.731724886373,-0.36148015341678
"AL23BJ",51.732668174086,-0.36076532470007
"AL23BN",51.726290901163,-0.35938864023787
"AL23BQ",51.732755425631,-0.36186289239355
"AL23BU",51.747348571859,-0.30026826935383
"AL23BX",51.708723193509,-0.37590406361951
"AL23BY",51.726026054888,-0.35716814390595
"AL23DA",51.727246781891,-0.35764521579415
"AL23DB",51.725707731635,-0.35755619050015
"AL23DD",51.724446716328,-0.35741365016815
"AL23DE",51.723282227028,-0.35645672653051
"AL23DF",51.723181278094,-0.35824144855744
"AL23DG",51.722280900756,-0.35752111388056
"AL23DH",51.721615372753,-0.35880496576278
"AL23DJ",51.721344717431,-0.36003105195375
"AL23DL",51.725982556303,-0.35855990309487
"AL23DN",51.724765270965,-0.35832886588631
"AL23DP",51.722025415477,-0.36112136298401
"AL23DQ",51.721775201908,-0.35672857781728
"AL23DR",51.721463674569,-0.3621118115395
"AL23DS",51.721183189566,-0.36328031028797
"AL23DT",51.722465752832,-0.36045384134058
"AL23DU",51.721579528232,-0.36074653731342
"AL23DW",51.723287134578,-0.35938154925794
"AL23DX",51.704310357941,-0.37025799408242
"AL23DY",51.722528060335,-0.35911943115438
"AL23DZ",51.727011393483,-0.3594639219011
"AL23EA",51.727430710335,-0.35857984796962
"AL23EB",51.72905791326,-0.35789816811144
"AL23ED",51.7227351019,-0.36106673725146
"AL23EE",51.72287800356,-0.3616407716184
"AL23EF",51.721810482459,-0.36247575003708
"AL23EH",51.720669257297,-0.36189437321747
"AL23EJ",51.731776800645,-0.35361405200348
"AL23EL",51.70301686537,-0.36842289785311
"AL23EN",51.721590292761,-0.36345384289919
"AL23EQ",51.724792049472,-0.3596021956369
"AL23ET",51.712480466398,-0.37187522319598
"AL23EZ",51.72756827827,-0.36070365464055
"AL23FA",51.726560971208,-0.36715528693892
"AL23FB",51.706357420688,-0.37846398512436
"AL23HA",51.731224993478,-0.35402513994177
"AL23HB",51.731530319099,-0.35271059047235
"AL23HD",51.731086435595,-0.35248052488718
"AL23HE",51.730284517312,-0.35365380066072
"AL23HF",51.730940607758,-0.35426719486404
"AL23HG",51.730369662512,-0.35588100707876
"AL23HH",51.728889526946,-0.35678915763565
"AL23HJ",51.728301228339,-0.35652085796366
"AL23HL",51.726979065788,-0.35522204723051
"AL23HN",51.728232382206,-0.35481450448295
"AL23HP",51.724741215792,-0.35468060885665
"AL23HQ",51.729184954746,-0.35476543214291
"AL23HR",51.72601162749,-0.35485169487375
"AL23HS",51.726034112832,-0.3564582787544
"AL23HT",51.725668094609,-0.35600816403124
"AL23HU",51.72558970523,-0.35554761800784
"AL23HW",51.727449779283,-0.35479947667157
"AL23HX",51.724073161582,-0.3551392790658
"AL23HY",51.723719903958,-0.35560099244679
"AL23HZ",51.724933795945,-0.35687468746117
"AL23JE",51.727006283422,-0.35652438466661
"AL23JQ",51.747348571859,-0.30026826935383
"AL23JX",51.733371607308,-0.353831275131
"AL23JY",51.732286980786,-0.35472519112601
"AL23JZ",51.732380035716,-0.35559079829565
"AL23LA",51.733743644924,-0.355353011552
"AL23LB",51.732893469065,-0.35822259982681
"AL23LD",51.733374215062,-0.35916108234812
"AL23LE",51.734851960744,-0.35936826304973
"AL23LF",51.734100069654,-0.35576009701875
"AL23LG",51.706974433741,-0.36136145557115
"AL23LH",51.707306869027,-0.36327462826911
"AL23LJ",51.705845218764,-0.36099697370314
"AL23LL",51.705406097495,-0.35917458626714
"AL23LN",51.705733195411,-0.35748369724471
"AL23LP",51.704933849662,-0.36013250629591
"AL23LQ",51.707593737971,-0.36062979007762
"AL23LR",51.703775035436,-0.36086916210764
"AL23LS",51.704725396155,-0.35937290847075
"AL23LT",51.704565922881,-0.35890102900251
"AL23LU",51.703239060378,-0.36048326892629
"AL23LW",51.705774114645,-0.3584809628465
"AL23LX",51.703527486104,-0.36181891234448
"AL23LY",51.703732697021,-0.36234703519004
"AL23NA",51.7047969722,-0.36256913673929
"AL23NB",51.704808714112,-0.36083179773842
"AL23ND",51.706626192126,-0.36218463344637
"AL23NE",51.706904279864,-0.36407080823675
"AL23NF",51.705501101281,-0.36276082798202
"AL23NG",51.706548163913,-0.36432972885743
"AL23NH",51.709862055623,-0.37306942193698
"AL23NJ",51.721571000589,-0.38284276090931
"AL23NL",51.737410526483,-0.38828842317968
"AL23NN",51.734143375448,-0.38350920481595
"AL23NP",51.733345819893,-0.36292779814876
"AL23NQ",51.706153356134,-0.3605226446144
"AL23NR",51.727302559793,-0.37134266861329
"AL23NS",51.72729176542,-0.37121272348452
"AL23NT",51.728637079918,-0.37744949798279
"AL23NU",51.726097271758,-0.37522347613342
"AL23NW",51.733109342483,-0.37114839047011
"AL23NX",51.721472134849,-0.37437573048546
"AL23NY",51.720345083871,-0.36703174502287
"AL23PA",51.703115038374,-0.36061801654224
"AL23PB",51.710298737899,-0.37018749794381
"AL23PD",51.702905772478,-0.35851242318199
"AL23PE",51.705539261007,-0.35647750481981
"AL23PF",51.70605087527,-0.35576417554386
"AL23PG",51.703510205202,-0.35736158138192
"AL23PH",51.704801475758,-0.35580947901212
"AL23PJ",51.705611529172,-0.35521559891405
"AL23PL",51.705186765667,-0.35570866214165
"AL23PN",51.706060989721,-0.35071213646824
"AL23PP",51.708281485245,-0.36545418177644
"AL23PQ",51.704480962652,-0.35732641669457
"AL23PS",51.710297582741,-0.36816089496817
"AL23PT",51.711689797715,-0.37062968921427
"AL23PU",51.711610947356,-0.37142872782392
"AL23PW",51.706421100281,-0.35522965707093
"AL23PX",51.710342027526,-0.36941871133277
"AL23PY",51.711131762393,-0.36865201601879
"AL23PZ",51.709944070121,-0.36860789659938
"AL23QA",51.708198170052,-0.36722318002486
"AL23QB",51.707887399283,-0.36556971552314
"AL23QD",51.708330711336,-0.36446807919796
"AL23QE",51.709088207686,-0.36332612846486
"AL23QF",51.710379007276,-0.36367038449352
"AL23QG",51.710268441317,-0.36283476520392
"AL23QJ",51.709678183406,-0.36436156736076
"AL23QL",51.709861991103,-0.36658422466209
"AL23QN",51.710348973811,-0.36474269668809
"AL23QP",51.706126050487,-0.36566215395349
"AL23QQ",51.708215948244,-0.36204035560088
"AL23QR",51.706201848727,-0.3665858046035
"AL23QS",51.707139942476,-0.36549533369872
"AL23QT",51.709797373685,-0.36387956330934
"AL23QU",51.708323293193,-0.36264444500818
"AL23QW",51.708362758317,-0.36354049612519
"AL23QX",51.709069726931,-0.3658745095726
"AL23QY",51.708618418398,-0.36510909846609
"AL23QZ",51.7081162692,-0.3652140570715
"AL23RH",51.704817840268,-0.36924102977951
"AL23RN",51.747348571859,-0.30026826935383
"AL23RP",51.703716509161,-0.36764508089349
"AL23RR",51.716205064386,-0.35648170636485
"AL23RS",51.71147217883,-0.37244706098469
"AL23RT",51.710266710546,-0.37241795617404
"AL23RU",51.709598054227,-0.37478703993965
"AL23RW",51.710660889077,-0.37036266882951
"AL23RX",51.70804463356,-0.37495852428915
"AL23RY",51.70742380216,-0.37428596977222
"AL23RZ",51.706816136261,-0.37326556329
"AL23SA",51.707623730421,-0.3737866456026
"AL23SB",51.708982379245,-0.37318784158109
"AL23SD",51.706085663336,-0.36728477508041
"AL23SE",51.709599036597,-0.37031398146716
"AL23SF",51.710476183897,-0.37131025370403
"AL23SG",51.710298379437,-0.37080998012903
"AL23SH",51.708279267966,-0.37306831547336
"AL23SJ",51.708522618879,-0.37051190223942
"AL23SL",51.708753954506,-0.37098128085105
"AL23SN",51.707249730926,-0.37210647813512
"AL23SP",51.708270092089,-0.36981168404168
"AL23SQ",51.70894138368,-0.37217602101337
"AL23SR",51.707513894221,-0.36781235198142
"AL23SS",51.70679572195,-0.36919884588088
"AL23ST",51.706607714774,-0.36861213869543
"AL23SU",51.706699153378,-0.36807327812315
"AL23SW",51.707651372112,-0.37123802227437
"AL23SX",51.706408848459,-0.36724418834673
"AL23SY",51.706996521583,-0.36746910134058
"AL23SZ",51.707454898228,-0.36939226433586
"AL23TA",51.708618585941,-0.35674224783901
"AL23TB",51.716805128908,-0.3601663493896
"AL23TD",51.716091408244,-0.35542894032157
"AL23TE",51.715883646739,-0.35857816892319
"AL23TF",51.713609964574,-0.35868945280947
"AL23TH",51.70752505164,-0.35828729712119
"AL23TJ",51.709379082632,-0.35710552983884
"AL23TL",51.707212334148,-0.35650371157712
"AL23TN",51.715628296595,-0.36348089471767
"AL23TP",51.707161481957,-0.35929923932724
"AL23TQ",51.708196371536,-0.36063695153545
"AL23TS",51.710833957782,-0.37181854401375
"AL23TT",51.701147084061,-0.34916854054391
"AL23TW",51.710460964632,-0.36116306188343
"AL23TX",51.704294605001,-0.33578115367236
"AL23TZ",51.707575300271,-0.33438692087016
"AL23UA",51.710299214739,-0.3317824851306
"AL23UB",51.709629947054,-0.33405087262931
"AL23UD",51.705049426275,-0.37037617535208
"AL23UE",51.703630129361,-0.34540176896659
"AL23UF",51.705948333414,-0.37684298124529
"AL23UG",51.708839975811,-0.35713954033049
"AL23UH",51.705581066701,-0.37239797670499
"AL23UJ",51.70320268901,-0.36174380273443
"AL23UL",51.705753107591,-0.37378136059369
"AL23UN",51.708065646591,-0.37712906735366
"AL23UP",51.707427438973,-0.37584915079015
"AL23UR",51.705992283393,-0.37872311157347
"AL23US",51.701412029096,-0.37007268577592
"AL23UT",51.706302490145,-0.37774221242283
"AL23UU",51.70513197447,-0.37894203776827
"AL23UW",51.70669139341,-0.37725062792417
"AL23UX",51.705706832705,-0.37628711841086
"AL23UY",51.706411450611,-0.37326560696604
"AL23UZ",51.705519482038,-0.37900055709571
"AL23WB",51.747348571859,-0.30026826935383
"AL23WD",51.747348571859,-0.30026826935383
"AL23XA",51.705096221766,-0.37765509821155
"AL23XB",51.705908262754,-0.37264677550836
"AL23XD",51.705369555689,-0.36946725416253
"AL23XE",51.706742795774,-0.37251550015677
"AL23XF",51.706435948602,-0.37178829916641
"AL23XG",51.706785621424,-0.37041510155125
"AL23XH",51.70486785755,-0.36572197590068
"AL23XJ",51.703203868851,-0.36893722539273
"AL23XL",51.703091684325,-0.36992547401578
"AL23XN",51.705080088385,-0.3648169159131
"AL23XP",51.704041416141,-0.36320432893717
"AL23XQ",51.705850317963,-0.36911705047891
"AL23XR",51.702787603164,-0.36164300871573
"AL23XS",51.69058684572,-0.36830562705332
"AL23XT",51.693226052411,-0.36085964179117
"AL23XU",51.690698018499,-0.36983542495094
"AL23XW",51.703814365719,-0.36369016525772
"AL23XX",51.691754847444,-0.36499337234046
"AL23XY",51.705323386255,-0.36679114194978
"AL23XZ",51.705942584104,-0.36475686381613
"AL23YA",51.703805435454,-0.37081167684277
"AL23YB",51.701937056809,-0.37161693894518
"AL23YE",51.747348571859,-0.30026826935383
"AL23YT",51.701984285468,-0.369835018024
"AL23YZ",51.747348571859,-0.30026826935383
"AL23ZR",51.747348571859,-0.30026826935383
"AL23ZX",51.747348571859,-0.30026826935383
"AL34AA",51.740441704456,-0.35266169697733
"AL34AB",51.739567498479,-0.35124495357694
"AL34AD",51.740631329,-0.35207536903439
"AL34AE",51.744894217416,-0.35273150990271
"AL34AF",51.743752846087,-0.35086077876024
"AL34AH",51.747252295499,-0.3605850714566
"AL34AJ",51.745573422364,-0.35306898390015
"AL34AL",51.738763621044,-0.36968483953405
"AL34AP",51.743399656443,-0.35068531507685
"AL34AR",51.74301843836,-0.35107584947906
"AL34AS",51.742771383591,-0.3520554372693
"AL34AT",51.744160931655,-0.35174410360262
"AL34AU",51.74514751675,-0.35283819260984
"AL34AW",51.742936316638,-0.34779040419865
"AL34AY",51.743318142188,-0.35320895562529
"AL34AZ",51.741452204536,-0.35546419845319
"AL34BA",51.740223955637,-0.35637793725533
"AL34BB",51.739691827851,-0.35434031503884
"AL34BD",51.737870407415,-0.35271176624752
"AL34BG",51.738336993452,-0.35263685595402
"AL34BH",51.741045090825,-0.35529066585482
"AL34BJ",51.742250346712,-0.35337816304056
"AL34BL",51.741561703192,-0.34788401436714
"AL34BN",51.742287523661,-0.34769818516994
"AL34BQ",51.740048525911,-0.3541245556425
"AL34BY",51.75496365371,-0.3499741765676
"AL34BZ",51.73938498461,-0.35233799998925
"AL34DA",51.751592011402,-0.33980968446119
"AL34DD",51.751360345688,-0.33932554716212
"AL34DE",51.752343144427,-0.33950683603373
"AL34DG",51.752457142706,-0.33993734135244
"AL34DH",51.75386404567,-0.34149413684838
"AL34DJ",51.753441184574,-0.34148065028752
"AL34DL",51.754170465506,-0.34345356448292
"AL34DN",51.754738549831,-0.34483833214868
"AL34DP",51.755681050999,-0.34662968104622
"AL34DQ",51.752705338124,-0.33968191552354
"AL34DR",51.755844010937,-0.34798584818969
"AL34DW",51.755076181326,-0.34646340041889
"AL34EA",51.751325451705,-0.34194937255623
"AL34EB",51.750505035586,-0.33989301338825
"AL34ED",51.750283364678,-0.33884345463094
"AL34EH",51.750588576176,-0.33944079195428
"AL34EJ",51.751156303516,-0.34334652549516
"AL34EL",51.750693347955,-0.33858209779396
"AL34EP",51.750283364678,-0.33884345463094
"AL34ER",51.750909522653,-0.34051569953182
"AL34ES",51.751224932795,-0.34056209406669
"AL34ET",51.751297464981,-0.34187795164899
"AL34EW",51.750454364935,-0.33948918163889
"AL34EZ",51.750788599554,-0.34150538613338
"AL34FD",51.739939773813,-0.35278135318019
"AL34GB",51.742189384318,-0.35608930893209
"AL34GD",51.743693433633,-0.35496268903904
"AL34GE",51.741708183116,-0.35704837323
"AL34GF",51.742234370556,-0.35737695331053
"AL34GG",51.744048368492,-0.35590592654143
"AL34GH",51.742831558392,-0.35506643108834
"AL34GJ",51.743696340113,-0.35452798141023
"AL34GL",51.742921295606,-0.3563379820621
"AL34GN",51.743044297984,-0.35613070609962
"AL34HA",51.749355766475,-0.34384706947422
"AL34HB",51.750525070091,-0.34386224893736
"AL34HD",51.750175959804,-0.34333893356957
"AL34HE",51.74915718283,-0.34507136791978
"AL34HG",51.748021757245,-0.34618499302259
"AL34HH",51.751414722235,-0.34190263524347
"AL34HJ",51.748118610039,-0.34539909424117
"AL34HL",51.749214205112,-0.34337412682226
"AL34HN",51.747914149101,-0.34429098251644
"AL34HR",51.747348571859,-0.30026826935383
"AL34HW",51.738002092386,-0.35120054537474
"AL34HX",51.744737438212,-0.35566360129121
"AL34HY",51.744625981804,-0.35669622785255
"AL34HZ",51.745130670453,-0.35741675845407
"AL34JA",51.746645624956,-0.36028830916696
"AL34JB",51.746617947303,-0.35959390377131
"AL34JD",51.746090563945,-0.36046777254659
"AL34JE",51.745770818197,-0.36075461078146
"AL34JF",51.745135970441,-0.36037195263509
"AL34JG",51.744549700984,-0.36024831154987
"AL34JH",51.745184031846,-0.36252880502249
"AL34JJ",51.744399413022,-0.36236884836412
"AL34JL",51.744122442008,-0.36443599874546
"AL34JN",51.743867015866,-0.36482188066553
"AL34JP",51.743002166184,-0.3621296486866
"AL34JQ",51.745117385673,-0.3616185229939
"AL34JR",51.743705090961,-0.36094528589881
"AL34JS",51.744445870472,-0.35925247086093
"AL34JT",51.743925036379,-0.35866289715444
"AL34JU",51.743412580869,-0.35802957312143
"AL34JW",51.743360918435,-0.36528924087756
"AL34JX",51.74320775381,-0.36397649295124
"AL34JY",51.743349377851,-0.36252271531845
"AL34JZ",51.745899773611,-0.35904042528931
"AL34LA",51.745676478052,-0.35914992925812
"AL34LD",51.742356345946,-0.34811577724774
"AL34LP",51.739144811681,-0.35573629298644
"AL34LR",51.738963954434,-0.3563077825494
"AL34LS",51.740237145796,-0.35860824450963
"AL34LT",51.740892109179,-0.36107606854562
"AL34LU",51.741371714991,-0.36257973931056
"AL34LW",51.738269020219,-0.3542037083541
"AL34LX",51.741348096877,-0.3608857346114
"AL34LY",51.741644007642,-0.36017969291487
"AL34LZ",51.741900024875,-0.35983724087392
"AL34NA",51.742186940733,-0.3591315094715
"AL34NB",51.742096540006,-0.35845393292423
"AL34ND",51.740188042275,-0.35766845977212
"AL34NE",51.738290631712,-0.35639015864171
"AL34NF",51.7377860783,-0.35439507541584
"AL34NG",51.736844103473,-0.35263321596319
"AL34NH",51.739949221939,-0.35924155747135
"AL34NJ",51.742187823521,-0.36370912954326
"AL34NQ",51.742053280805,-0.36438035586859
"AL34PA",51.752202003743,-0.34033791375315
"AL34PE",51.751942159856,-0.34040539787464
"AL34PF",51.751490288261,-0.34024809264691
"AL34PH",51.751675584665,-0.34127004013717
"AL34PJ",51.751879255626,-0.3416827692114
"AL34PN",51.752705155932,-0.34094252115732
"AL34PQ",51.751653314892,-0.34096658073022
"AL34PS",51.752152375976,-0.34128154848466
"AL34PT",51.752407320142,-0.34150403952291
"AL34PU",51.752789122574,-0.34179433418992
"AL34PW",51.752627932698,-0.34056862133008
"AL34PX",51.752233275252,-0.34191612173065
"AL34PY",51.752459822988,-0.34203822975559
"AL34PZ",51.752842236991,-0.34237197589328
"AL34QA",51.752856332032,-0.34209615567481
"AL34QB",51.752003868732,-0.34222880208862
"AL34QD",51.7518412604,-0.34281433140415
"AL34QE",51.752352371262,-0.34270868344562
"AL34QF",51.752612829298,-0.34268465824548
"AL34QG",51.753106371754,-0.34260862961114
"AL34QH",51.752719648892,-0.34452093196644
"AL34QJ",51.753278324437,-0.34587703305229
"AL34QL",51.752555789358,-0.34565711224259
"AL34QN",51.75187024219,-0.34487076095676
"AL34QP",51.751913111572,-0.34599936525867
"AL34QQ",51.753649553457,-0.34286405024822
"AL34QR",51.752451577377,-0.34655927295479
"AL34QS",51.753676087328,-0.34474677212198
"AL34QT",51.753950837437,-0.34509897603415
"AL34QU",51.752994996051,-0.34555412257165
"AL34QW",51.751648184501,-0.34506724066894
"AL34QY",51.753111418263,-0.34615843757482
"AL34RA",51.754166541838,-0.34572865437009
"AL34RB",51.754144672958,-0.34609170595779
"AL34RD",51.747348571859,-0.30026826935383
"AL34RF",51.750514206308,-0.34564478525017
"AL34RQ",51.752069834473,-0.34435633325837
"AL34RS",51.751048435956,-0.3439879935903
"AL34RT",51.751315841846,-0.34381883053786
"AL34RU",51.751309238983,-0.34654303941883
"AL34RX",51.751512914905,-0.34631826145898
"AL34RY",51.753474913532,-0.34898517295827
"AL34RZ",51.753255765982,-0.34810928781687
"AL34SA",51.75368269801,-0.34841248658974
"AL34SB",51.753727402069,-0.34903392361791
"AL34SD",51.753762870038,-0.3502787670766
"AL34SE",51.754438015551,-0.35032661174953
"AL34SF",51.754125104855,-0.35238111679674
"AL34SG",51.753463265923,-0.35199949044352
"AL34SH",51.753237690017,-0.35258729458931
"AL34SJ",51.752756458281,-0.35418417846465
"AL34SL",51.75216146662,-0.35536496603271
"AL34SN",51.75180137319,-0.3527699688398
"AL34SP",51.753309447706,-0.35193264134484
"AL34SQ",51.753703056333,-0.35242545868319
"AL34SS",51.755451099718,-0.349463730025
"AL34ST",51.754630716001,-0.34931976195056
"AL34SU",51.756057868395,-0.34848521727485
"AL34SW",51.752667710416,-0.35298476759292
"AL34SX",51.755339001867,-0.34852593703296
"AL34SY",51.754875065964,-0.34878919943728
"AL34SZ",51.75436150739,-0.34872099255887
"AL34TA",51.754922310094,-0.34767171984197
"AL34TB",51.754531126048,-0.34735272460432
"AL34TF",51.754145669937,-0.34680168413333
"AL34TG",51.753682728936,-0.34777492797378
"AL34TH",51.753268092724,-0.34642801984715
"AL34TL",51.75596685419,-0.35032885353302
"AL34TN",51.755668925937,-0.35152793907693
"AL34TQ",51.753929719725,-0.34743264213495
"AL34TZ",51.754456595263,-0.34652950479424
"AL34WD",51.747348571859,-0.30026826935383
"AL34WJ",51.747348571859,-0.30026826935383
"AL34XL",51.747348571859,-0.30026826935383
"AL34ZF",51.747348571859,-0.30026826935383
"AL35AB",51.758020436422,-0.33144423726012
"AL35AD",51.759584047013,-0.33199524704711
"AL35AE",51.760058659113,-0.33058652072185
"AL35AG",51.762015145127,-0.33157230708463
"AL35AH",51.765073383306,-0.33351763499558
"AL35AJ",51.765057504399,-0.33176449265295
"AL35AL",51.764529102508,-0.33255212674164
"AL35AN",51.765762576819,-0.32885422181463
"AL35AP",51.766422344332,-0.32277133510002
"AL35AS",51.766588874452,-0.32183753801365
"AL35AT",51.767095225943,-0.32392042771331
"AL35AU",51.767115645094,-0.32661560832984
"AL35AW",51.766678226406,-0.32621145631783
"AL35AX",51.765935280326,-0.32961601974876
"AL35AY",51.763111448716,-0.33087970093919
"AL35AZ",51.758352797665,-0.33141749248649
"AL35BA",51.754844268938,-0.33703867038767
"AL35BE",51.755020551112,-0.33678585725245
"AL35BG",51.754899398047,-0.33648601161518
"AL35BH",51.75434635914,-0.33553549449792
"AL35BJ",51.754766385055,-0.33598373916637
"AL35BN",51.755311046967,-0.33697804965557
"AL35BP",51.755582158708,-0.33770710766411
"AL35BT",51.755833012379,-0.33763993229924
"AL35BU",51.755108556435,-0.33601463125626
"AL35BX",51.754813751701,-0.3355183074151
"AL35BY",51.75489115907,-0.33526912494947
"AL35BZ",51.754711429746,-0.33591330798772
"AL35DA",51.75476477822,-0.3365054493837
"AL35DD",51.755186645046,-0.33708405341275
"AL35DG",51.751101487531,-0.33819040160383
"AL35DJ",51.751746369528,-0.33736981459754
"AL35DL",51.751833820231,-0.33783026251946
"AL35DP",51.751544168607,-0.33833353313235
"AL35DQ",51.751426521437,-0.33891742096272
"AL35DR",51.751009782414,-0.33870088659974
"AL35DU",51.751155438318,-0.33882594373236
"AL35DW",51.758522799265,-0.33833816926885
"AL35DZ",51.751349291867,-0.33854353524894
"AL35EA",51.751733557837,-0.33900758006985
"AL35EB",51.753544035468,-0.33730378687169
"AL35ED",51.752052447879,-0.33930015754569
"AL35EE",51.752053657951,-0.33874951455868
"AL35EG",51.752619308959,-0.33868528727712
"AL35EH",51.752450577819,-0.33883637529794
"AL35EJ",51.753064445897,-0.33900221509964
"AL35EL",51.753293638846,-0.33867502881608
"AL35EN",51.753700792881,-0.33948601364023
"AL35EP",51.754335261831,-0.33856434823954
"AL35ER",51.754165485112,-0.33800546537509
"AL35ES",51.753776347115,-0.33846894284486
"AL35EU",51.752825221721,-0.33861977152533
"AL35EW",51.75429421017,-0.33884116797026
"AL35EX",51.752629889474,-0.33752572915061
"AL35HB",51.753669715667,-0.33855979659496
"AL35HE",51.75687018921,-0.33467465975028
"AL35HJ",51.762759048527,-0.32570424708184
"AL35HL",51.762771427055,-0.32657336257364
"AL35HN",51.763976794017,-0.32912308144983
"AL35HP",51.763891775661,-0.3256768277192
"AL35HR",51.765131420709,-0.32621070214529
"AL35HS",51.765416362847,-0.32601174279602
"AL35HT",51.764547107645,-0.32433367329825
"AL35HU",51.762643078861,-0.32766507267721
"AL35HW",51.764139744009,-0.32856631791146
"AL35HX",51.761940550891,-0.32758958695867
"AL35HY",51.771325831596,-0.33177976704346
"AL35JA",51.762695066271,-0.34531544200278
"AL35JB",51.754619070159,-0.34210404373938
"AL35JD",51.75440743401,-0.34176403082313
"AL35JE",51.755248046486,-0.34142893537345
"AL35JF",51.755241922215,-0.34226960604806
"AL35JG",51.75644948931,-0.34819560199771
"AL35JH",51.756152385984,-0.34433741784485
"AL35JJ",51.755762633463,-0.3422070633265
"AL35JL",51.756350137464,-0.34114220676156
"AL35JN",51.75649987903,-0.34155695347897
"AL35JP",51.755696850455,-0.34136901797976
"AL35JQ",51.756098387135,-0.34688975994355
"AL35JR",51.756345434819,-0.34080909053744
"AL35JS",51.756177304897,-0.34036604039459
"AL35JT",51.755645752351,-0.33966100148149
"AL35JU",51.755377138214,-0.34038088924957
"AL35JW",51.75598570759,-0.34208296740039
"AL35JX",51.756047581646,-0.34009547343277
"AL35JY",51.756580743809,-0.33964119380861
"AL35JZ",51.756669890139,-0.33323293717158
"AL35LA",51.760039887031,-0.33306534636081
"AL35LB",51.756584017626,-0.33987292789191
"AL35LD",51.757802465133,-0.33382884451894
"AL35LE",51.759778353992,-0.34000211490909
"AL35LF",51.759386560195,-0.34091497635037
"AL35LG",51.758895069925,-0.34177350806137
"AL35LH",51.75833146108,-0.34198254703211
"AL35LJ",51.761302245794,-0.33456953467071
"AL35LL",51.759603722971,-0.33274809888924
"AL35LN",51.757856302378,-0.3433621351418
"AL35LP",51.763617576119,-0.33486114122421
"AL35LQ",51.764404851951,-0.33457128842642
"AL35LR",51.757555623399,-0.33291049436763
"AL35LS",51.757177959403,-0.33354752187677
"AL35LT",51.757616948624,-0.33342991972838
"AL35LU",51.757953669412,-0.33434496609645
"AL35LW",51.757860966355,-0.33224713841168
"AL35LX",51.758530268956,-0.33632357460227
"AL35LY",51.758109048286,-0.3364260067182
"AL35LZ",51.758193048416,-0.33727791210088
"AL35NA",51.756950509085,-0.33526583592742
"AL35NB",51.757207887228,-0.33502451168273
"AL35ND",51.756960644238,-0.33407719986737
"AL35NE",51.756244658969,-0.33432091472775
"AL35NF",51.756819705518,-0.33428526104098
"AL35NG",51.756176935891,-0.33588840950147
"AL35NH",51.75769778293,-0.34296218282344
"AL35NJ",51.755235096324,-0.33796619131675
"AL35NL",51.754575438935,-0.33710650789905
"AL35NN",51.754625345418,-0.3387275838206
"AL35NP",51.759328323652,-0.33997514660456
"AL35NQ",51.755900964017,-0.33608693466995
"AL35NR",51.755092579115,-0.34060867892276
"AL35NS",51.75471914857,-0.34027460205784
"AL35NT",51.754272799475,-0.34050832052576
"AL35NU",51.755043137887,-0.34029170285118
"AL35NW",51.755260465388,-0.33912449693811
"AL35NX",51.755673623788,-0.33654450062999
"AL35NZ",51.757276346802,-0.34368767625444
"AL35PA",51.759686890719,-0.33607816948486
"AL35PB",51.759534668154,-0.33548960083863
"AL35PD",51.759199881153,-0.33598014119048
"AL35PE",51.759738086745,-0.33906161861973
"AL35PH",51.759150548363,-0.33821367885414
"AL35PJ",51.761040834418,-0.34279629813966
"AL35PL",51.758238104863,-0.34301485728844
"AL35PN",51.759322835413,-0.34277225773643
"AL35PP",51.757540204534,-0.33817136780256
"AL35PQ",51.758168037769,-0.3425102239532
"AL35PR",51.757602753394,-0.33941531556632
"AL35PS",51.756926827385,-0.34186011109469
"AL35PT",51.758334082595,-0.33962034545976
"AL35PU",51.758886872414,-0.33991888080275
"AL35PW",51.758733031608,-0.33921443662234
"AL35PX",51.75828303941,-0.34110034386364
"AL35PY",51.757462244832,-0.34156516345551
"AL35PZ",51.757726366851,-0.34052660652041
"AL35QA",51.757870781623,-0.33992716819951
"AL35QB",51.757031002334,-0.34095785094736
"AL35QD",51.757205849493,-0.33996604808746
"AL35QE",51.756851826192,-0.33973268615957
"AL35QF",51.76033111156,-0.33902536158463
"AL35QG",51.756043064447,-0.33913925201985
"AL35QH",51.757222719496,-0.3373425415579
"AL35QJ",51.757537281106,-0.33669337319931
"AL35QL",51.75706172011,-0.33676881418907
"AL35QN",51.75695710838,-0.33636691014601
"AL35QP",51.760382563022,-0.33821191530733
"AL35QQ",51.756319406329,-0.33769452217783
"AL35QR",51.747348571859,-0.30026826935383
"AL35QS",51.76080120847,-0.34366011484145
"AL35QT",51.760084309838,-0.3381069311627
"AL35QU",51.761380550844,-0.34329109216674
"AL35QW",51.756196001464,-0.33723534990046
"AL35QX",51.760703976142,-0.34250429758047
"AL35QY",51.760488080987,-0.33613566442277
"AL35RA",51.758161332232,-0.33313453711837
"AL35RB",51.759299041135,-0.33409256591486
"AL35RD",51.759178448314,-0.33319851783022
"AL35RE",51.758642733407,-0.33473986114468
"AL35RF",51.761762435347,-0.33721922789906
"AL35RG",51.76050017705,-0.33699025631196
"AL35RH",51.763364864889,-0.33860965107399
"AL35RJ",51.763520100916,-0.33814017190611
"AL35RL",51.763729441279,-0.33704549513608
"AL35RN",51.764500688364,-0.33943755252316
"AL35RP",51.764929446524,-0.3385956843824
"AL35RQ",51.76213929857,-0.33652422462594
"AL35RR",51.763297276507,-0.33955418009167
"AL35RS",51.762517165435,-0.34162628817055
"AL35RT",51.763737743608,-0.34208881604363
"AL35RU",51.763881756707,-0.3414603309969
"AL35RW",51.764029628179,-0.33983166475337
"AL35RX",51.763193745977,-0.3424131004048
"AL35RY",51.763506904079,-0.3435755698502
"AL35RZ",51.764672721488,-0.34079362588717
"AL35SA",51.765487970774,-0.33929986309963
"AL35SB",51.765800170832,-0.33594032662563
"AL35SD",51.765133600579,-0.33586338583874
"AL35SE",51.765112712483,-0.33502352377697
"AL35SF",51.761003551321,-0.33760941963857
"AL35SG",51.763302447392,-0.33610464641459
"AL35SH",51.760759500654,-0.33498079891482
"AL35SQ",51.751037750001,-0.33813478487545
"AL35SS",51.762307928632,-0.33890932505985
"AL35ST",51.761967441045,-0.34409568441092
"AL35SU",51.76269323223,-0.34008359447168
"AL35SW",51.75079017216,-0.33843365404464
"AL35SX",51.760829768125,-0.33931139655304
"AL35SY",51.760508045469,-0.34009128624882
"AL35SZ",51.761181540899,-0.33938544162009
"AL35TA",51.761770267064,-0.33904500146789
"AL35TB",51.76288748032,-0.33919240172628
"AL35TD",51.761906964384,-0.34044576547119
"AL35TE",51.761106389362,-0.34043164744257
"AL35TF",51.761431410424,-0.34115884230467
"AL35TG",51.760880055088,-0.34096166900991
"AL35TH",51.7624820289,-0.34359859266438
"AL35TJ",51.758156494132,-0.34743771625004
"AL35TL",51.761655917857,-0.34368680113601
"AL35TN",51.762151467044,-0.34566865042796
"AL35TP",51.760429148478,-0.34661563040899
"AL35TQ",51.761921078074,-0.34208291091728
"AL35TR",51.761546596556,-0.34550236086819
"AL35TS",51.761263470984,-0.34519387985371
"AL35TT",51.76019567539,-0.34600100288195
"AL35TU",51.759565878769,-0.3459805448557
"AL35TW",51.760752298316,-0.34721249685573
"AL35TX",51.758997530378,-0.3471316648869
"AL35TY",51.759455122072,-0.34705698553164
"AL35TZ",51.758486561037,-0.34852701677889
"AL35UA",51.760468919373,-0.34816483396872
"AL35UB",51.758943305938,-0.34903204847715
"AL35UD",51.757549256797,-0.34966254774887
"AL35UE",51.759116081892,-0.34980829643407
"AL35UF",51.761864817871,-0.34702693836694
"AL35UH",51.756748985916,-0.34774994411645
"AL35UJ",51.757527355511,-0.34618546447974
"AL35UL",51.757012980533,-0.3460593496093
"AL35UN",51.757632545211,-0.34663084831258
"AL35UP",51.758236638591,-0.34546395890908
"AL35UQ",51.757121861915,-0.33466539960244
"AL35US",51.750852066695,-0.33835893706009
"AL35UT",51.760838594846,-0.34184721598006
"AL35UW",51.75898839766,-0.34520460958545
"AL35XA",51.766003027756,-0.35225299323548
"AL35YF",51.747348571859,-0.30026826935383
"AL35ZZ",51.747348571859,-0.30026826935383
"AL36AA",51.748465033133,-0.36565550930844
"AL36AB",51.748544241011,-0.36488477178942
"AL36AD",51.749759856614,-0.35919028901849
"AL36AE",51.75337246975,-0.35514709005427
"AL36AF",51.76203122365,-0.37183218724349
"AL36AG",51.757435520908,-0.37701143649877
"AL36AH",51.757876577651,-0.3861830600611
"AL36AJ",51.758737847173,-0.38668853460455
"AL36AL",51.757413437559,-0.39241624230323
"AL36AN",51.753092321922,-0.3907729816901
"AL36AP",51.748751101395,-0.40148924768419
"AL36AQ",51.761561453442,-0.37753011830876
"AL36AR",51.745858797227,-0.39382613477495
"AL36AS",51.771708681114,-0.33849167197453
"AL36AT",51.747348571859,-0.30026826935383
"AL36AW",51.749569480825,-0.38766725482354
"AL36AX",51.766361068926,-0.33236866069418
"AL36AY",51.767904322209,-0.3314855893424
"AL36BA",51.767591932873,-0.33101879382549
"AL36BB",51.776612695232,-0.33297651415461
"AL36BE",51.767532188802,-0.33886246925951
"AL36BG",51.767816021769,-0.32906826411419
"AL36BJ",51.766141190191,-0.33398559435511
"AL36BL",51.766673266831,-0.33599517985021
"AL36BN",51.766253136361,-0.3374455361121
"AL36BP",51.767324999221,-0.33756558660936
"AL36BQ",51.76761354229,-0.32874237008447
"AL36BS",51.767375943802,-0.33989730432287
"AL36BT",51.766796011387,-0.34086070336392
"AL36BU",51.767463993853,-0.33531385082426
"AL36BW",51.766676271002,-0.33938669416017
"AL36BX",51.767003743882,-0.3352003369654
"AL36BY",51.767668328734,-0.33323362657149
"AL36BZ",51.773154724736,-0.33391574237424
"AL36DA",51.770697121209,-0.33246974115968
"AL36DB",51.769124195864,-0.33062888420611
"AL36DD",51.770730281109,-0.3310044801487
"AL36DE",51.766980287654,-0.33291111223576
"AL36DF",51.770882442564,-0.34175450761089
"AL36DJ",51.769203377225,-0.33811984571325
"AL36DL",51.769774326558,-0.33779447452082
"AL36DN",51.771170427863,-0.3392217238853
"AL36DP",51.772946037696,-0.33950444052491
"AL36DR",51.7727132034,-0.34212227697472
"AL36DS",51.772288088987,-0.34131159025018
"AL36DU",51.77190037129,-0.34187664688379
"AL36DW",51.772549762916,-0.34073665117918
"AL36DX",51.771275684276,-0.34349405897379
"AL36DY",51.771020948941,-0.34264815197054
"AL36DZ",51.770095749282,-0.34463890035726
"AL36EA",51.769316228154,-0.34356580657277
"AL36EB",51.768963830918,-0.34472380187714
"AL36ED",51.76922654274,-0.34422136214573
"AL36EE",51.768721745073,-0.34541391323304
"AL36EF",51.767994534769,-0.3435852081151
"AL36EG",51.767510802025,-0.3424433676918
"AL36EH",51.769778924742,-0.34321547769799
"AL36EJ",51.769370736267,-0.33978062108153
"AL36EL",51.770507749342,-0.3394199961945
"AL36EN",51.77100425871,-0.32623983955535
"AL36EQ",51.768433330607,-0.34217765377447
"AL36EU",51.768601813662,-0.33501107904681
"AL36EX",51.767929645858,-0.33707954423297
"AL36EY",51.767962026094,-0.34000624987648
"AL36EZ",51.766679375769,-0.34151721574787
"AL36GY",51.769058448082,-0.33613936997449
"AL36HA",51.765693105734,-0.34108956559033
"AL36HB",51.765085784089,-0.34138721056088
"AL36HD",51.766858329596,-0.34209042298962
"AL36HE",51.768416966024,-0.34038091375713
"AL36HF",51.768178478593,-0.33750523632318
"AL36HG",51.769000992548,-0.33525729590158
"AL36HH",51.769599144447,-0.33558316665544
"AL36HJ",51.77057816719,-0.33422806704798
"AL36HL",51.770694728472,-0.33610817898541
"AL36HN",51.770751797772,-0.33759910929507
"AL36HP",51.772084258267,-0.33643396129602
"AL36HQ",51.76932119677,-0.33373803560319
"AL36HR",51.772184878387,-0.33909750443411
"AL36HS",51.772136264765,-0.33502594871745
"AL36HT",51.76996367807,-0.33401877055166
"AL36HU",51.770950142709,-0.32496623661037
"AL36HW",51.771130740899,-0.33768665265035
"AL36HX",51.771602674132,-0.32405783531355
"AL36JB",51.781184919137,-0.31369855154881
"AL36JE",51.776669851455,-0.32182594970145
"AL36JF",51.781418266466,-0.32814523160052
"AL36JG",51.780113764661,-0.33825537517523
"AL36JH",51.782708197837,-0.34111788264694
"AL36JJ",51.783419283749,-0.34563013305494
"AL36JL",51.790140718644,-0.3420632934288
"AL36JN",51.791930999361,-0.34594223349741
"AL36JP",51.790050823759,-0.34525694419917
"AL36JQ",51.777861596664,-0.33480068590575
"AL36JR",51.786707330653,-0.35371711958133
"AL36JS",51.781552658796,-0.35809495573649
"AL36JU",51.778630324303,-0.34657371278873
"AL36JW",51.788549610469,-0.34977823714661
"AL36JX",51.771730077941,-0.35407379389086
"AL36JY",51.771165808732,-0.35809509080248
"AL36JZ",51.762248111748,-0.36349110803068
"AL36LA",51.765749093991,-0.3656255149712
"AL36LB",51.768668404943,-0.36796966255961
"AL36LD",51.76852784384,-0.33868096492821
"AL36LE",51.766275916102,-0.32070411799759
"AL36LG",51.768286089118,-0.32923933354932
"AL36LH",51.769160395372,-0.32748214775985
"AL36LJ",51.768875693208,-0.32643454918262
"AL36LL",51.767156167622,-0.3218889677692
"AL36LN",51.767428803644,-0.32145851811228
"AL36LP",51.76849955146,-0.32212903369742
"AL36LQ",51.769239275309,-0.32229003358501
"AL36LR",51.767697323364,-0.32199934599838
"AL36LS",51.767860156299,-0.3233268032987
"AL36LT",51.768127628931,-0.322534181639
"AL36LU",51.768437570803,-0.32282707862962
"AL36LW",51.7683088229,-0.32136788950351
"AL36LX",51.768882847659,-0.32252067421626
"AL36LY",51.768714865934,-0.32335310646013
"AL36LZ",51.767600939645,-0.32469888734516
"AL36NA",51.767929265676,-0.32502010422594
"AL36NB",51.768517327943,-0.3246359640475
"AL36NE",51.747348571859,-0.30026826935383
"AL36NH",51.770327628461,-0.33304867774147
"AL36NL",51.769710689985,-0.34156553663146
"AL36NP",51.769180773566,-0.33271406728812
"AL36NQ",51.77108680347,-0.32635274988885
"AL36NR",51.769788387717,-0.3248498055115
"AL36NW",51.772095989599,-0.32270593704986
"AL36NX",51.770710036483,-0.32200356181486
"AL36NZ",51.769566911685,-0.33330862888186
"AL36PA",51.770966059073,-0.32355958172032
"AL36PD",51.770506486514,-0.32664963156863
"AL36PE",51.770847538074,-0.32597022398555
"AL36PF",51.769924558364,-0.32430844138063
"AL36PG",51.770117755059,-0.32398238971058
"AL36PH",51.772923940761,-0.32274771742009
"AL36PJ",51.77317674142,-0.32218748684555
"AL36PQ",51.770329127863,-0.32493124957979
"AL36PZ",51.771368047232,-0.32463185817021
"AL36RA",51.770418365871,-0.33120442708551
"AL36RD",51.767843030708,-0.37265215167943
"AL36RE",51.768061842252,-0.38460224194404
"AL36RF",51.766796101275,-0.39001024207269
"AL36RG",51.763521218609,-0.39846024774473
"AL36RH",51.769042580633,-0.40571511470586
"AL36RJ",51.772033472675,-0.40014481859245
"AL36RL",51.777245884074,-0.39724943225111
"AL36RN",51.785509403398,-0.38666147888621
"AL36RP",51.778802193462,-0.37892689325897
"AL36RQ",51.766028619528,-0.39966144722262
"AL36RR",51.774751785718,-0.37997085147431
"AL36RS",51.784005282855,-0.37669591933043
"AL36RT",51.767317470865,-0.33830507396642
"AL36RW",51.781211218048,-0.39852976788951
"AL36XT",51.772358719184,-0.32410230420564
"AL36XZ",51.771959699515,-0.32134838125056
"AL36ZN",51.747348571859,-0.30026826935383
"AL37AA",51.787495299669,-0.38589458024788
"AL37AB",51.78999180105,-0.38760363372914
"AL37AD",51.792901299206,-0.38992176171696
"AL37AE",51.786752668845,-0.40527921037953
"AL37AF",51.78699457393,-0.41252093724014
"AL37AG",51.784684636527,-0.4106155679261
"AL37AJ",51.783508930996,-0.4181240797594
"AL37AL",51.780441420905,-0.41939125281338
"AL37AN",51.786109223629,-0.41488655875226
"AL37AP",51.791351289029,-0.42553567278451
"AL37AQ",51.784456862313,-0.41305952378898
"AL37AR",51.787884446903,-0.42720798957579
"AL37AS",51.790280862427,-0.40748950755845
"AL37AT",51.79065854032,-0.38769586677537
"AL37AU",51.783322579863,-0.42433630792746
"AL37AW",51.787672787326,-0.43695982179272
"AL37BA",51.79441704231,-0.40347150947316
"AL37BB",51.79599580768,-0.4025165314154
"AL37BD",51.799862809417,-0.39525804937744
"AL37BE",51.801163202445,-0.39631425756978
"AL37BF",51.799476264927,-0.39395186148119
"AL37BG",51.798469787015,-0.39532201757925
"AL37BH",51.801175262773,-0.39719864005893
"AL37BJ",51.801323822392,-0.39754149412307
"AL37BL",51.798168614211,-0.39499911618878
"AL37BN",51.800915289962,-0.39791860609678
"AL37BP",51.799226405598,-0.39541118774673
"AL37BQ",51.801706082695,-0.39787606479934
"AL37BS",51.798716742561,-0.39628503720452
"AL37BT",51.799091775689,-0.39543047226972
"AL37BU",51.797580049869,-0.39734064760794
"AL37BW",51.80026474594,-0.39637515085084
"AL37BX",51.798680599908,-0.39891159580269
"AL37BY",51.797529080178,-0.39887987024038
"AL37BZ",51.796629813798,-0.40020255012523
"AL37DA",51.797233445634,-0.39896286259909
"AL37DB",51.795375522871,-0.40187130641787
"AL37DD",51.795109486056,-0.4028089133282
"AL37DE",51.796368598708,-0.40215527037039
"AL37DF",51.793429087906,-0.40356441442803
"AL37DG",51.794740433634,-0.40344558383076
"AL37DH",51.795328554751,-0.40503466510088
"AL37DJ",51.797127094855,-0.41300628419667
"AL37DL",51.794556324627,-0.40511992644977
"AL37DN",51.795429058247,-0.40581429302789
"AL37DP",51.79342042155,-0.40491346119705
"AL37DQ",51.795502558964,-0.4039407806779
"AL37DR",51.79291759132,-0.40430760042235
"AL37DS",51.792414544765,-0.40567406858072
"AL37DT",51.797035986338,-0.39965153401394
"AL37DU",51.792172786944,-0.40310120589625
"AL37DW",51.793798531486,-0.40494362648195
"AL37DX",51.792137620293,-0.40316045691884
"AL37DY",51.793099396478,-0.40312648118961
"AL37DZ",51.796462294083,-0.40508167820877
"AL37EA",51.796266586641,-0.40391380069806
"AL37EB",51.803052869113,-0.39969954762103
"AL37EG",51.7986736856,-0.39708430088485
"AL37EL",51.800177933138,-0.39858295626426
"AL37EN",51.801605518017,-0.39973629899299
"AL37EP",51.803398269053,-0.40063019184456
"AL37EQ",51.799236705817,-0.39748496096175
"AL37ER",51.803456958297,-0.39965622477159
"AL37ES",51.802070413467,-0.40151850147488
"AL37ET",51.803370357729,-0.40254594363528
"AL37EU",51.801295624741,-0.40141536217366
"AL37EW",51.80130424895,-0.40006608048659
"AL37EX",51.800455310951,-0.40244592248797
"AL37EY",51.801251101012,-0.40343314679489
"AL37EZ",51.800369501867,-0.4040734958459
"AL37FD",51.798692877993,-0.39387817096332
"AL37GA",51.794612946209,-0.39804047664732
"AL37GD",51.793808716448,-0.39709729661485
"AL37GE",51.794382097537,-0.39627930338678
"AL37GF",51.794984039957,-0.39689608248684
"AL37GH",51.796683431184,-0.39226715641986
"AL37HA",51.799935295807,-0.40388576425165
"AL37HB",51.798969365959,-0.40162818814393
"AL37HD",51.798197962704,-0.40045162772136
"AL37HE",51.797946248319,-0.40178040469849
"AL37HF",51.798905216362,-0.40286332688064
"AL37HG",51.79958789115,-0.40413010717133
"AL37HN",51.799347256724,-0.39372437406357
"AL37HP",51.796595355029,-0.40295945603346
"AL37HQ",51.798930939329,-0.40409528827325
"AL37HR",51.796553535922,-0.40120599844104
"AL37HS",51.797314604922,-0.40096151819977
"AL37HT",51.797605743669,-0.40253214652183
"AL37HU",51.79711767589,-0.40301351834681
"AL37HW",51.797509364762,-0.39413778901005
"AL37HX",51.796288237666,-0.40352144136638
"AL37HY",51.79803634856,-0.40377878043786
"AL37HZ",51.79881288769,-0.4059995226367
"AL37JA",51.800188475602,-0.40531279340511
"AL37JB",51.800647875419,-0.405369106589
"AL37JD",51.800288094436,-0.40735445336443
"AL37JE",51.801854505575,-0.40814055333066
"AL37JF",51.801715407197,-0.40583911916538
"AL37JG",51.802473339395,-0.40536271004857
"AL37JH",51.804339299529,-0.41500142788405
"AL37JJ",51.805269684035,-0.40997859631936
"AL37JL",51.810116794529,-0.41797596520538
"AL37JN",51.797186175031,-0.40408437900077
"AL37JP",51.797591902771,-0.40482425636634
"AL37JQ",51.802810099314,-0.40632270105704
"AL37JR",51.797804399172,-0.405904555737
"AL37JS",51.799977411947,-0.40500113808465
"AL37JT",51.798611262906,-0.39317036213168
"AL37JU",51.799696422019,-0.39361043117155
"AL37JW",51.797990092455,-0.40434607230133
"AL37JX",51.799104511488,-0.39241309868475
"AL37JY",51.798425417094,-0.39207464948068
"AL37JZ",51.797872954069,-0.39178972015772
"AL37LA",51.797916231739,-0.39035227890697
"AL37LB",51.797398479166,-0.39260431734192
"AL37LD",51.797319696958,-0.39144681046053
"AL37LE",51.796676226868,-0.39239794556754
"AL37LF",51.799635760782,-0.40633311315108
"AL37LG",51.796334531405,-0.39174293622731
"AL37LH",51.795667927873,-0.39231778213365
"AL37LJ",51.79609157728,-0.39238973372208
"AL37LL",51.796738284094,-0.39299038880691
"AL37LN",51.798543836046,-0.3941590484669
"AL37LP",51.796309535313,-0.39386134168805
"AL37LR",51.795099996793,-0.39287459927019
"AL37LS",51.794798990096,-0.39453864939277
"AL37LT",51.794129681879,-0.39425786279817
"AL37LU",51.795640465047,-0.39491485294423
"AL37LW",51.799029215778,-0.39414180148351
"AL37LX",51.796618313523,-0.39408242689104
"AL37LY",51.796873952214,-0.39436341781083
"AL37LZ",51.797353267697,-0.39324409555162
"AL37NB",51.795528386383,-0.39658671012702
"AL37ND",51.794795774759,-0.39891868227453
"AL37NG",51.79433102695,-0.39979081491201
"AL37NH",51.792935840331,-0.3970557369899
"AL37NJ",51.792379723061,-0.39980188281776
"AL37NL",51.791591414125,-0.40267218125038
"AL37NN",51.790441721672,-0.40542460971532
"AL37NP",51.790622726133,-0.40617231291314
"AL37NQ",51.793775725911,-0.3986357540476
"AL37NR",51.797284925699,-0.39350759442479
"AL37NS",51.795812269163,-0.39300880995857
"AL37NT",51.798471613826,-0.39150734089336
"AL37NU",51.803167857971,-0.40883407714508
"AL37NW",51.790837218993,-0.40541065926948
"AL37NX",51.802196343053,-0.40416853643632
"AL37NY",51.798547796158,-0.39444899276308
"AL37NZ",51.801605263206,-0.40434896774078
"AL37PA",51.799788607105,-0.39443391935234
"AL37PB",51.800876898685,-0.39181336328962
"AL37PD",51.801694331335,-0.38846256600511
"AL37PE",51.801063251686,-0.38965998196154
"AL37PF",51.799873738835,-0.39013750965312
"AL37PG",51.799987830341,-0.39190302096046
"AL37PH",51.802401259471,-0.39741625288701
"AL37PJ",51.802039743652,-0.39860400861584
"AL37PL",51.802738968747,-0.39910142979515
"AL37PN",51.803363724922,-0.39809290158091
"AL37PP",51.804899551428,-0.40059155731914
"AL37PQ",51.801082393088,-0.39566439757042
"AL37PR",51.806245858472,-0.4003988315306
"AL37PS",51.812261444541,-0.4069758608124
"AL37PT",51.813169532258,-0.4076257546902
"AL37PU",51.814033871285,-0.41769368247785
"AL37PW",51.80414641606,-0.3987759493712
"AL37PX",51.81104486959,-0.4028113717545
"AL37PY",51.810607679816,-0.39777800567992
"AL37PZ",51.813596009019,-0.39336280985569
"AL37QA",51.811560555843,-0.38985162214382
"AL37QB",51.806343854813,-0.39967002482519
"AL37QD",51.799001929521,-0.39346106439581
"AL37QE",51.800115488203,-0.38940365963872
"AL37QF",51.797405614535,-0.39115367478998
"AL37QG",51.793390392822,-0.39609694938595
"AL37QN",51.814554819321,-0.41764641416724
"AL37QP",51.797653810357,-0.39549602908631
"AL37QQ",51.812191461341,-0.40248065817058
"AL37RG",51.816742306617,-0.40781901251244
"AL37RQ",51.798682040145,-0.38783026332694
"AL37SA",51.790861569838,-0.40455419615249
"AL37WG",51.799001929521,-0.39346106439581
"AL37WH",51.799001929521,-0.39346106439581
"AL37ZR",51.799001929521,-0.39346106439581
"AL38AA",51.830304197961,-0.46812696272916
"AL38AB",51.829642393819,-0.4697895154088
"AL38AD",51.828030190593,-0.46959742909128
"AL38AE",51.82358030629,-0.47109788530344
"AL38AF",51.823840775898,-0.45730241654829
"AL38AG",51.829451632095,-0.47518069523823
"AL38AH",51.829601816912,-0.48401470352648
"AL38AJ",51.824076493727,-0.49141283209184
"AL38AL",51.822741537456,-0.49039806528326
"AL38AN",51.819955612653,-0.48564452841261
"AL38AP",51.819213700621,-0.48389909588885
"AL38AQ",51.828528390406,-0.47958051653556
"AL38AR",51.819543199301,-0.47114749942527
"AL38AS",51.81812060414,-0.46825004335321
"AL38AT",51.818787678348,-0.46079797189544
"AL38AU",51.814513789238,-0.46957662818221
"AL38AW",51.81869235673,-0.48322008988698
"AL38AX",51.813006760979,-0.46572482722204
"AL38AY",51.808668519308,-0.46199868833947
"AL38AZ",51.806865835121,-0.45345751097507
"AL38BA",51.810050024669,-0.4426126923784
"AL38BB",51.801848052955,-0.44189451943999
"AL38BD",51.799480030048,-0.43964094254193
"AL38BH",51.827149855166,-0.46967081026099
"AL38BN",51.818741702916,-0.43280849262236
"AL38BP",51.817400653937,-0.43272443581293
"AL38BS",51.819158650421,-0.43440472303446
"AL38BT",51.819371761431,-0.43487619384103
"AL38BU",51.819765994761,-0.43544297068759
"AL38BW",51.818043196637,-0.43235388691099
"AL38BX",51.819413720315,-0.4339750646577
"AL38BY",51.820309301506,-0.43369731771573
"AL38DA",51.820056846397,-0.43364802951217
"AL38DB",51.819276520078,-0.43650470882003
"AL38DD",51.819523573597,-0.43614789348473
"AL38DE",51.819075896399,-0.43832550127021
"AL38DF",51.818625628011,-0.44234600378808
"AL38DG",51.821188744924,-0.43761393000086
"AL38DH",51.818066088992,-0.43474731745108
"AL38DJ",51.817224157629,-0.4343266809517
"AL38DL",51.815541515444,-0.43560381941646
"AL38DN",51.813510682825,-0.43774894057443
"AL38DP",51.813526206205,-0.44027296754859
"AL38DQ",51.820825797733,-0.43804731609225
"AL38DR",51.813174763272,-0.43886323318522
"AL38DS",51.813605257375,-0.43877580961907
"AL38DU",51.813989630723,-0.44063420267198
"AL38DW",51.81273977567,-0.43793519876474
"AL38DX",51.814645805195,-0.4406115492587
"AL38DY",51.814017121048,-0.43999485131982
"AL38DZ",51.813825737649,-0.43844898914126
"AL38EA",51.815135367722,-0.43616924802339
"AL38EB",51.816673155626,-0.43752347285919
"AL38ED",51.81693664769,-0.43705003450122
"AL38EE",51.817700146105,-0.43563062038417
"AL38EF",51.817385042609,-0.43627998516159
"AL38EG",51.814147417668,-0.43491213478959
"AL38EN",51.819527581488,-0.43307143890162
"AL38EP",51.819278002529,-0.43054070015832
"AL38ER",51.817018086937,-0.42764465801489
"AL38ES",51.812991605291,-0.42244556820885
"AL38ET",51.821946365186,-0.42564458276634
"AL38EU",51.820287877447,-0.42670367438338
"AL38EW",51.819594776052,-0.4286722892036
"AL38EX",51.821615349017,-0.41773278125937
"AL38EY",51.818239136101,-0.41277238176428
"AL38HA",51.827337715019,-0.41928836667359
"AL38HB",51.822042666087,-0.42343543947463
"AL38HD",51.82242033743,-0.42410431130022
"AL38HG",51.823769688908,-0.42951384251316
"AL38HH",51.828531584729,-0.4427154189372
"AL38HJ",51.824788252462,-0.43171335810086
"AL38HL",51.827339436294,-0.43893950964845
"AL38HN",51.825379374241,-0.43153318486992
"AL38HQ",51.826539312887,-0.43963478067153
"AL38HR",51.836603643802,-0.46158402378988
"AL38HS",51.823291241015,-0.4266861031251
"AL38HT",51.821155047743,-0.42162347264617
"AL38HU",51.836083422564,-0.46512919292573
"AL38HW",51.827381214982,-0.43059283232713
"AL38HX",51.835753955852,-0.46469039822331
"AL38HY",51.835968989947,-0.46050242777346
"AL38HZ",51.83597499761,-0.45958770404696
"AL38JB",51.835486461442,-0.46417692114764
"AL38JD",51.836287938744,-0.46978195741324
"AL38JE",51.835092282376,-0.46429194516069
"AL38JF",51.835058974598,-0.46105603885169
"AL38JG",51.835806737491,-0.45909989870923
"AL38JH",51.834806570006,-0.45483736709067
"AL38JJ",51.834087596789,-0.45624095911267
"AL38JL",51.833735356612,-0.45544014062826
"AL38JN",51.834137019639,-0.45452642940343
"AL38JP",51.832568067149,-0.45283833750218
"AL38JQ",51.835317241448,-0.46017627529057
"AL38JR",51.831790479632,-0.45115223811184
"AL38JS",51.831453466316,-0.45287653967461
"AL38JT",51.833097950324,-0.45483779583572
"AL38JU",51.8337846463,-0.45645453711561
"AL38JW",51.833241629119,-0.45345392377648
"AL38JX",51.833788602968,-0.45744145398345
"AL38JY",51.833781940929,-0.45693364018671
"AL38JZ",51.834234613631,-0.45716493032808
"AL38LA",51.834503279939,-0.45776540631157
"AL38LB",51.834662746953,-0.45826800886414
"AL38LD",51.8344668968,-0.45841985549829
"AL38LE",51.83485916758,-0.45815968884977
"AL38LF",51.835327292419,-0.45888401159557
"AL38LG",51.835245618705,-0.45608522371153
"AL38LJ",51.835737400053,-0.4579264620258
"AL38LL",51.836840012452,-0.45697425175476
"AL38LN",51.835828614862,-0.45459915163277
"AL38LP",51.839146283454,-0.44024415696841
"AL38LR",51.833176068554,-0.44779520839816
"AL38LS",51.832579178384,-0.44277899316723
"AL38LT",51.829454674074,-0.44519451564823
"AL38LW",51.838275161816,-0.44917314655105
"AL38LY",51.836638697075,-0.458766650281
"AL38LZ",51.832562492953,-0.45378200905778
"AL38NA",51.832511967564,-0.45472721911934
"AL38NB",51.833001103338,-0.45636520937618
"AL38ND",51.832557989222,-0.45617715160385
"AL38NE",51.832063103283,-0.45478612987186
"AL38NF",51.832988911298,-0.45543665239204
"AL38NG",51.833507175188,-0.45586889491593
"AL38NH",51.832407586253,-0.45362764990969
"AL38NL",51.829904566219,-0.44793672643146
"AL38NP",51.83478744793,-0.45817665460159
"AL38NQ",51.83328275972,-0.45727004184333
"AL38NT",51.835399148138,-0.459563809507
"AL38NW",51.819207127302,-0.48478447175523
"AL38NX",51.834850034632,-0.4574632418001
"AL38NY",51.834425892806,-0.45666485900913
"AL38NZ",51.834528386303,-0.45693715296494
"AL38PA",51.836441974007,-0.46022500040996
"AL38PB",51.837098090413,-0.46088489262032
"AL38PD",51.83789074265,-0.46167080047717
"AL38PE",51.838742556475,-0.46354349925575
"AL38PF",51.83895419037,-0.46253461233676
"AL38PG",51.837746609101,-0.46096439318511
"AL38PH",51.837794780658,-0.46120953529333
"AL38PJ",51.836646435182,-0.46004382822771
"AL38PL",51.837728503662,-0.46026820734032
"AL38PN",51.836283912237,-0.4612029829729
"AL38PP",51.83612891422,-0.46379215418912
"AL38PQ",51.838156228877,-0.46134237983103
"AL38PR",51.836431417968,-0.46423186345056
"AL38PS",51.8370260023,-0.46431324632754
"AL38PT",51.83744931349,-0.46367462682911
"AL38PU",51.83815847718,-0.4635779011868
"AL38PW",51.837112517374,-0.46198765730434
"AL38PX",51.837510868482,-0.4621918319902
"AL38PY",51.839213985969,-0.46177086652625
"AL38PZ",51.840457743061,-0.45580528345974
"AL38QA",51.842960883663,-0.45399192836204
"AL38QB",51.842955403615,-0.45015925043958
"AL38QD",51.844893129973,-0.45116710052032
"AL38QE",51.8474053018,-0.44595534342779
"AL38QF",51.844828626025,-0.45378274071435
"AL38QG",51.849769080818,-0.45884083108622
"AL38QH",51.843319232076,-0.46280692107941
"AL38QJ",51.846728388608,-0.47115570671881
"AL38QL",51.840496721078,-0.46634374528737
"AL38QP",51.747348571859,-0.30026826935383
"AL38QQ",51.845809037611,-0.46340450164006
"AL38RA",51.835506892857,-0.46092463812411
"AL38RB",51.834233882324,-0.46329054321298
"AL38RD",51.834640760102,-0.46414763475571
"AL38RE",51.834292107006,-0.46568363870104
"AL38RF",51.833391805264,-0.46491589843323
"AL38RG",51.833600161188,-0.46572167481774
"AL38RH",51.832311448815,-0.46482200396963
"AL38RJ",51.832319309424,-0.4661135704631
"AL38RL",51.831436888671,-0.46740633410498
"AL38RN",51.830869939276,-0.46668534194425
"AL38RP",51.833824570019,-0.46362381884382
"AL38RQ",51.832857213416,-0.46529695795483
"AL38RR",51.834118763229,-0.46136389161757
"AL38RS",51.834252199921,-0.45987875009192
"AL38RT",51.834747406122,-0.46129891449628
"AL38RU",51.834816780454,-0.45972884327867
"AL38RW",51.832992864942,-0.46328924749134
"AL38RX",51.833652362708,-0.46077014247833
"AL38RY",51.83650128253,-0.46200848672368
"AL38RZ",51.834152941719,-0.46191431867431
"AL38ZL",51.747348571859,-0.30026826935383
"AL40AA",51.739717230251,-0.30426300192089
"AL40AB",51.740479974733,-0.30352463776528
"AL40AD",51.743455893591,-0.30222523500773
"AL40AE",51.742010474249,-0.30301822690844
"AL40AG",51.747051772606,-0.29344111897178
"AL40AH",51.73833095316,-0.30479291506809
"AL40AJ",51.74457939402,-0.30093721845603
"AL40AN",51.732931572667,-0.28780319584797
"AL40AQ",51.743544092012,-0.30148310252627
"AL40AS",51.744574769871,-0.29999572987991
"AL40AT",51.739136553061,-0.30328525398791
"AL40AW",51.749117836315,-0.28524963303435
"AL40AY",51.744100261839,-0.29952098805438
"AL40AZ",51.744151697433,-0.2999681526613
"AL40BA",51.74699589424,-0.29889067238591
"AL40BD",51.747385319717,-0.29907887294045
"AL40BE",51.748011738514,-0.29824399917474
"AL40BF",51.746081639662,-0.29972183935199
"AL40BG",51.746226056362,-0.29913691057946
"AL40BH",51.746831616541,-0.29934596742279
"AL40BJ",51.7479031863,-0.29695863139555
"AL40BL",51.747330316108,-0.29838551560681
"AL40BN",51.747070049185,-0.29780129287883
"AL40BP",51.759699832995,-0.30302162624612
"AL40BS",51.760415904918,-0.30029922922726
"AL40BT",51.761203608154,-0.29755955763868
"AL40BU",51.762064362256,-0.29428080603601
"AL40BW",51.75956689144,-0.30502649390336
"AL40BX",51.759225970059,-0.30321329632847
"AL40BY",51.747537701008,-0.29532073985
"AL40BZ",51.747348571859,-0.30026826935383
"AL40DA",51.745796091556,-0.29925447468166
"AL40DB",51.745427733193,-0.29803688313534
"AL40DD",51.745749658028,-0.29853184443077
"AL40DE",51.745302999863,-0.29935992008714
"AL40DF",51.748320463553,-0.29472622261925
"AL40DG",51.74735768185,-0.29469004538931
"AL40DH",51.752012624097,-0.30128128645468
"AL40DJ",51.751103806499,-0.29689618318415
"AL40DL",51.751465352446,-0.29578139265368
"AL40DN",51.75086973184,-0.29439836941099
"AL40DP",51.75017781756,-0.29691653043036
"AL40DQ",51.746394779292,-0.29588532832547
"AL40DR",51.749294286137,-0.29738442661663
"AL40DS",51.750910378221,-0.29968537528909
"AL40DT",51.747864541519,-0.29429426165994
"AL40DU",51.751521401041,-0.30089401844107
"AL40DW",51.750552253567,-0.2948305126884
"AL40DX",51.750844371755,-0.29636984589005
"AL40DY",51.746459287944,-0.29475285811915
"AL40DZ",51.74599496984,-0.29684206806532
"AL40EA",51.745706929193,-0.2968239278911
"AL40EB",51.745644885966,-0.29750717218746
"AL40ED",51.746109155397,-0.29789536808305
"AL40EE",51.753182152469,-0.30255597493094
"AL40EF",51.752896413658,-0.30269709774583
"AL40EG",51.75261462174,-0.30124420593238
"AL40EH",51.752703399185,-0.2992992529613
"AL40EJ",51.752909346907,-0.30110273757247
"AL40EL",51.754349149852,-0.30241078032473
"AL40EN",51.75711166287,-0.30377076972303
"AL40EP",51.758617910555,-0.30469974535459
"AL40EQ",51.752408885848,-0.29945521408409
"AL40ER",51.758869157279,-0.30279192366298
"AL40ES",51.758460930581,-0.30316952143917
"AL40ET",51.757203424003,-0.30327463171562
"AL40EU",51.7542868511,-0.30183350814974
"AL40EW",51.758285139305,-0.30469771907169
"AL40EX",51.747057802163,-0.29571549422784
"AL40EY",51.745161972869,-0.29645326932692
"AL40EZ",51.745569927329,-0.29543828752664
"AL40FE",51.741953393464,-0.30155725298397
"AL40FF",51.746297034979,-0.29720738487693
"AL40FG",51.746264019757,-0.2974114536899
"AL40FH",51.746921789419,-0.25883441765954
"AL40FJ",51.747379564988,-0.29681895937756
"AL40FL",51.758082172926,-0.30309677338138
"AL40FN",51.741711990358,-0.29668445922745
"AL40FQ",51.74856764179,-0.29626717077664
"AL40FR",51.75796394849,-0.27214753557078
"AL40GB",51.740309721316,-0.2985913771399
"AL40GD",51.740357539832,-0.29754660564198
"AL40GE",51.740059939215,-0.29873113224781
"AL40GF",51.739577302838,-0.29893757437512
"AL40GG",51.73925249412,-0.29948573442752
"AL40GH",51.740412597257,-0.29948563047091
"AL40GL",51.739163051016,-0.30014093487606
"AL40GN",51.740484313151,-0.30009134119754
"AL40GP",51.739381489961,-0.30032104683378
"AL40GQ",51.739689391628,-0.3004688321986
"AL40GR",51.73904454596,-0.30065236966681
"AL40GS",51.73958719929,-0.30148665301349
"AL40GT",51.739817344632,-0.30185464667145
"AL40GU",51.740384412998,-0.30064555028269
"AL40GW",51.740682907334,-0.30076472221071
"AL40GX",51.740907385803,-0.3001189181355
"AL40GY",51.741439763302,-0.29962089272312
"AL40HA",51.753936955807,-0.2667805086014
"AL40HB",51.752235696049,-0.26484608048609
"AL40HD",51.753086316208,-0.2664218525596
"AL40HE",51.75171109118,-0.26830018952987
"AL40HF",51.750011076655,-0.26827828592267
"AL40HG",51.754512542439,-0.2582671187037
"AL40HH",51.752153312921,-0.26292212156155
"AL40HJ",51.752582809412,-0.2627752322501
"AL40HL",51.754632167888,-0.26879703218809
"AL40HN",51.755479487136,-0.26588098246305
"AL40HP",51.754684897828,-0.26627368508807
"AL40HQ",51.751671383508,-0.26256388917291
"AL40HR",51.755530513455,-0.26934229875733
"AL40HS",51.757198305556,-0.27145220552982
"AL40HT",51.761379515498,-0.27753877933864
"AL40HU",51.757200244697,-0.27403156514982
"AL40HW",51.757224401733,-0.25981475850558
"AL40HX",51.756426606849,-0.27646656475927
"AL40HY",51.756020894935,-0.28253917310448
"AL40HZ",51.755461297307,-0.28609611900112
"AL40JA",51.754978777846,-0.28692585591705
"AL40JD",51.756031528508,-0.28758156950125
"AL40JE",51.762216389181,-0.28741999273667
"AL40JF",51.751383985053,-0.26319796204118
"AL40JG",51.749581065449,-0.29421510033382
"AL40JH",51.742152321088,-0.29914506049621
"AL40JJ",51.750065259996,-0.27808520854961
"AL40JP",51.741924306339,-0.30016766295654
"AL40JQ",51.746714927358,-0.29811888768074
"AL40JT",51.750329244089,-0.27707542719919
"AL40JX",51.749476711038,-0.28149795334187
"AL40JY",51.750329244089,-0.27707542719919
"AL40JZ",51.750188821166,-0.27547249815123
"AL40LA",51.749614082398,-0.2785949871309
"AL40LB",51.750917550081,-0.27243098677873
"AL40LE",51.734052372558,-0.28942646350904
"AL40LF",51.747348571859,-0.30026826935383
"AL40LH",51.750079273728,-0.27291213282919
"AL40LQ",51.750900696119,-0.27434420196558
"AL40LR",51.750201108199,-0.27202365827129
"AL40LS",51.750798265924,-0.2734932468224
"AL40ND",51.740395939734,-0.26451752469181
"AL40NE",51.742909554986,-0.2406340925429
"AL40NF",51.729841402813,-0.29484257940177
"AL40NG",51.737063570446,-0.27701519973707
"AL40NH",51.739597081909,-0.2640121716723
"AL40NJ",51.737914179476,-0.26454019963454
"AL40NL",51.741350601337,-0.26339447813212
"AL40NN",51.740369197158,-0.26331622583813
"AL40NP",51.739997866715,-0.26010015186256
"AL40NQ",51.741358672873,-0.26698673181502
"AL40NR",51.739468465094,-0.26200361165232
"AL40NS",51.738278611706,-0.25574822475555
"AL40NU",51.737887216174,-0.25301113889796
"AL40NW",51.740666868668,-0.26398564876126
"AL40NX",51.734880981256,-0.24319099621825
"AL40NY",51.734053443621,-0.243179640719
"AL40NZ",51.731632185783,-0.24544600274821
"AL40PA",51.73727345195,-0.25286099501592
"AL40PB",51.734249596134,-0.25513573107863
"AL40PD",51.728668098901,-0.25595895017194
"AL40PF",51.725103612871,-0.26728992511974
"AL40PG",51.730403615141,-0.26505965240921
"AL40PH",51.739974152303,-0.26275194709068
"AL40PJ",51.747924595978,-0.24282977876544
"AL40PL",51.736982121726,-0.25201763206595
"AL40PP",51.739097412631,-0.24912581358865
"AL40PQ",51.739201973583,-0.25918917392054
"AL40PR",51.73791265192,-0.25048975673991
"AL40PS",51.737477857806,-0.2490725442967
"AL40PT",51.737289681272,-0.25032551770756
"AL40PU",51.736815260175,-0.25047420755879
"AL40PX",51.735954561577,-0.2470311874115
"AL40PY",51.735601738622,-0.24749385672199
"AL40PZ",51.736680519653,-0.24927718444049
"AL40QA",51.736244596109,-0.245977075419
"AL40QD",51.737265071596,-0.24686458644793
"AL40QE",51.736797267233,-0.24685372458171
"AL40QF",51.737785454517,-0.24798876052119
"AL40QG",51.737612386739,-0.24844448961827
"AL40QH",51.74300528258,-0.24764193921317
"AL40QJ",51.739837849449,-0.24450522401053
"AL40QL",51.740354289262,-0.24355810959559
"AL40QN",51.740966649033,-0.24421520309751
"AL40QP",51.742289505805,-0.24126661557202
"AL40QQ",51.739853594698,-0.24676438214448
"AL40QR",51.740186882672,-0.24198564951999
"AL40QS",51.740537735678,-0.24259492385699
"AL40QT",51.736894490434,-0.24312738060708
"AL40QU",51.752164234436,-0.27342665936686
"AL40QW",51.742843185885,-0.24280967009525
"AL40RA",51.745215862487,-0.30017448255598
"AL40RE",51.741904343087,-0.29754639975313
"AL40RH",51.738669511991,-0.29277199350899
"AL40RJ",51.735769390091,-0.28999892949469
"AL40RL",51.734446796768,-0.28933914909667
"AL40RN",51.73895919516,-0.29042893585514
"AL40RP",51.741406646167,-0.27758875386169
"AL40RQ",51.740107650911,-0.29581771721139
"AL40RR",51.741169772735,-0.27738047237832
"AL40RS",51.742927448358,-0.27459012281344
"AL40RT",51.742250516838,-0.26953118391686
"AL40RU",51.743589196441,-0.27127639437495
"AL40RW",51.739062107245,-0.28761489032153
"AL40RX",51.745376540571,-0.26015424774304
"AL40RY",51.735932939569,-0.27350953437287
"AL40RZ",51.750144758946,-0.24636585183459
"AL40SA",51.746247986021,-0.26435117294533
"AL40SB",51.746036106975,-0.26096918650453
"AL40SD",51.746609420663,-0.26142526434288
"AL40SE",51.747308032512,-0.25819657723978
"AL40SF",51.746414054331,-0.26341759003489
"AL40SH",51.743827683136,-0.29932840819215
"AL40SL",51.749295261689,-0.2962108111757
"AL40SN",51.750111692584,-0.28618274523243
"AL40SP",51.750734112767,-0.28323238195787
"AL40SQ",51.749865043318,-0.29581265847645
"AL40SR",51.750122395899,-0.28383513627666
"AL40SS",51.749658501631,-0.28470755886491
"AL40ST",51.750123657466,-0.28515357957283
"AL40SU",51.750553082597,-0.28438388224724
"AL40SW",51.75032361203,-0.28221923157644
"AL40SX",51.750620395327,-0.28714874368277
"AL40SY",51.750141546387,-0.29070215566027
"AL40SZ",51.749938466588,-0.29157915386384
"AL40TA",51.749717484199,-0.2893707108762
"AL40TB",51.750170654744,-0.28775980582791
"AL40TD",51.749731328249,-0.28661731925448
"AL40TE",51.749406067492,-0.28651371978473
"AL40TF",51.749313362984,-0.28879194631905
"AL40TG",51.748632211736,-0.28771657147036
"AL40TH",51.748276336009,-0.28551331822864
"AL40TJ",51.748017887962,-0.28629098193427
"AL40TL",51.748296538645,-0.28504892670375
"AL40TN",51.746576287357,-0.28056492262874
"AL40TP",51.744976239353,-0.27509154374484
"AL40TQ",51.748662285654,-0.28607824017515
"AL40TR",51.750283177954,-0.28992889346636
"AL40TS",51.750312096009,-0.28327736385842
"AL40TT",51.747006122373,-0.28721304044875
"AL40TU",51.749084880816,-0.29039432537775
"AL40TX",51.748972651794,-0.29257184329855
"AL40TY",51.749436667687,-0.29232252420911
"AL40TZ",51.747796946596,-0.29335507838098
"AL40UA",51.74826690925,-0.29723471546392
"AL40UB",51.750343896616,-0.29286786112348
"AL40UD",51.750520089211,-0.28890571201088
"AL40UE",51.74777142926,-0.28357653675144
"AL40UH",51.751749776927,-0.29493029887265
"AL40UJ",51.752170975791,-0.29855131028117
"AL40UL",51.754517538781,-0.29912965908585
"AL40UN",51.75631292768,-0.30077211314223
"AL40UP",51.754459901446,-0.30074024541017
"AL40UQ",51.755817777216,-0.30260204057179
"AL40UR",51.755603099001,-0.302059447134
"AL40UU",51.755677317402,-0.30346225693696
"AL40UW",51.754451942399,-0.30018991389045
"AL40UX",51.756032647391,-0.30191291611462
"AL40UY",51.757280546575,-0.30238777891871
"AL40UZ",51.757361416793,-0.30113850231589
"AL40WA",51.747348571859,-0.30026826935383
"AL40WZ",51.747348571859,-0.30026826935383
"AL40XA",51.755680992586,-0.29936126146754
"AL40XB",51.754666504078,-0.29761706568304
"AL40XD",51.753822069297,-0.29830087775524
"AL40XE",51.752217774607,-0.29805690625273
"AL40XF",51.751797187679,-0.29758007853613
"AL40XG",51.751883174118,-0.29544689482521
"AL40XH",51.753065096864,-0.29385197587398
"AL40XL",51.752175061838,-0.29387103216148
"AL40XP",51.751469992617,-0.29362230831248
"AL40XR",51.751098920593,-0.29098476970233
"AL40XS",51.75101800616,-0.29284244028777
"AL40XT",51.751345227106,-0.29680016481815
"AL40XW",51.75193695476,-0.29357572727883
"AL40XX",51.75298719743,-0.29468083135798
"AL40XY",51.747348571859,-0.30026826935383
"AL40XZ",51.75214524978,-0.29243769076975
"AL40ZE",51.747348571859,-0.30026826935383
"AL40ZJ",51.747348571859,-0.30026826935383
"AL40ZL",51.747348571859,-0.30026826935383
"AL48AA",51.812555988273,-0.29214262602762
"AL48AD",51.811622955655,-0.2947749467453
"AL48AE",51.811124406736,-0.29450359777054
"AL48AF",51.810641630439,-0.29531978197261
"AL48AG",51.810442683058,-0.29586409453165
"AL48AH",51.808363498982,-0.29884404052576
"AL48AJ",51.807265727778,-0.29942214380607
"AL48AL",51.80762500883,-0.29877029723341
"AL48AN",51.809493568501,-0.29677037479574
"AL48AP",51.811143460976,-0.29271833668675
"AL48AQ",51.80962570232,-0.29720063212749
"AL48AR",51.811012785054,-0.29238958176755
"AL48AS",51.810127568892,-0.28902813784024
"AL48AT",51.810879965695,-0.28696846435797
"AL48AU",51.810767038554,-0.28662454618265
"AL48AW",51.811011651669,-0.29355029882604
"AL48AX",51.809880606593,-0.28689029685295
"AL48AY",51.810690733888,-0.28941304041203
"AL48BA",51.811442803121,-0.2910385374664
"AL48BB",51.81211009767,-0.2917822566672
"AL48BD",51.811835399958,-0.29144443630396
"AL48BE",51.81161556985,-0.28869611214654
"AL48BG",51.811378464349,-0.28970618498512
"AL48BH",51.812523263047,-0.29112823927044
"AL48BJ",51.81208585729,-0.29011466409035
"AL48BL",51.811969142177,-0.28950971514329
"AL48BN",51.812607291395,-0.28948554945408
"AL48BP",51.812547409489,-0.29031482593972
"AL48BQ",51.812645586671,-0.29150084427985
"AL48BS",51.812906660857,-0.29151998727977
"AL48BT",51.810627762891,-0.28755836102692
"AL48BU",51.81383980169,-0.29199251764171
"AL48BW",51.812856971028,-0.28872162481242
"AL48BX",51.813863666635,-0.29054068046805
"AL48BY",51.814226636067,-0.29138300125463
"AL48BZ",51.813146697984,-0.2888557392301
"AL48DA",51.811169935867,-0.29206445447442
"AL48DB",51.811507776069,-0.29737633093011
"AL48DD",51.811775856671,-0.29601692014343
"AL48DE",51.811868978163,-0.29747878562679
"AL48DF",51.812686591647,-0.29618568876016
"AL48DG",51.81448889974,-0.29086524574229
"AL48DJ",51.815446612094,-0.29055331655874
"AL48DL",51.811206877412,-0.29584977325002
"AL48DN",51.810686248685,-0.29653679690496
"AL48DP",51.810601300677,-0.29130250612749
"AL48DQ",51.811005935081,-0.29501586555493
"AL48DR",51.814744914177,-0.29053634591121
"AL48DS",51.815530505786,-0.28951993939583
"AL48DT",51.813376566698,-0.29167632339062
"AL48DW",51.810960396824,-0.293116982755
"AL48DX",51.808319713192,-0.30141352569696
"AL48DY",51.806373569195,-0.29867235128689
"AL48DZ",51.806736298499,-0.30012390311702
"AL48EA",51.804534937699,-0.3064879654092
"AL48EB",51.805182081456,-0.30646370899414
"AL48ED",51.809851653771,-0.30911772141489
"AL48EE",51.813190967916,-0.31433206404394
"AL48EF",51.815429427993,-0.31427754003744
"AL48EG",51.798787544797,-0.31518846545693
"AL48EJ",51.80038614754,-0.30129110652285
"AL48EL",51.799644403415,-0.2954010439198
"AL48EN",51.802559192082,-0.28373002973184
"AL48EP",51.812061579706,-0.2505645793205
"AL48EQ",51.798719531722,-0.31358100801009
"AL48ER",51.803234168773,-0.27209962682794
"AL48ES",51.799447979408,-0.27392695064799
"AL48ET",51.797095947248,-0.27604734051991
"AL48EU",51.799157254626,-0.27924675658387
"AL48EW",51.806717404181,-0.2522222422141
"AL48EX",51.800824197563,-0.28008260165585
"AL48EY",51.79412237212,-0.28795171686329
"AL48EZ",51.809354521314,-0.31081924142823
"AL48FB",51.800818602399,-0.30072365459955
"AL48FD",51.815127891286,-0.28780852595915
"AL48FE",51.814631915445,-0.28956847981229
"AL48FF",51.814466669328,-0.28871867452027
"AL48FG",51.815007384909,-0.29003308128952
"AL48FH",51.806032490584,-0.29623354260315
"AL48FJ",51.813340815861,-0.29354935934192
"AL48GB",51.822384453748,-0.28220743403488
"AL48GD",51.81545821643,-0.28826031900462
"AL48HA",51.8124325104,-0.29478791149809
"AL48HD",51.817169466139,-0.31270351355155
"AL48HE",51.835381772588,-0.30219523089143
"AL48HF",51.81338662764,-0.31417967054845
"AL48HH",51.815589426484,-0.30227190436602
"AL48HJ",51.817832093866,-0.30625056513461
"AL48HL",51.817890826978,-0.30658210649558
"AL48HN",51.818014628353,-0.31143853195096
"AL48HP",51.81688679798,-0.31368626296896
"AL48HQ",51.815896309646,-0.30421921574848
"AL48HR",51.818574184134,-0.31471156651067
"AL48HS",51.823219841093,-0.31382707156755
"AL48HT",51.818619315316,-0.31723476706464
"AL48HU",51.818947376919,-0.32005217446362
"AL48HW",51.817792975957,-0.3129123873805
"AL48HX",51.819518133426,-0.31908771923308
"AL48HY",51.819329793182,-0.31723731446982
"AL48HZ",51.819614922573,-0.3170525556983
"AL48JA",51.820159058662,-0.3186285222083
"AL48JB",51.820736093859,-0.31936163509128
"AL48JD",51.820925764786,-0.32193763446881
"AL48JE",51.820915986374,-0.32440496266659
"AL48JF",51.820412430464,-0.32314664493866
"AL48JG",51.82031155024,-0.32111879986719
"AL48JH",51.8203342356,-0.32460068556248
"AL48JJ",51.814150306511,-0.29293839857048
"AL48JN",51.809468809004,-0.29134534248041
"AL48JQ",51.819785390603,-0.32142858544385
"AL48JY",51.747348571859,-0.30026826935383
"AL48LA",51.833338022431,-0.29395467198762
"AL48LB",51.834091976415,-0.29944219309251
"AL48LD",51.840360097471,-0.30193533781027
"AL48LE",51.838842586255,-0.30209406217155
"AL48LF",51.839265861847,-0.30213620607126
"AL48LG",51.839261736891,-0.30496727246449
"AL48LH",51.83760368289,-0.30161806400901
"AL48LJ",51.836627386677,-0.303759718936
"AL48LL",51.835167565962,-0.30417748895247
"AL48LN",51.83468340877,-0.30178602101479
"AL48LP",51.833433923731,-0.30493937542655
"AL48LQ",51.838912457764,-0.30506749629717
"AL48LR",51.833169055577,-0.30278650815153
"AL48LS",51.832736387182,-0.30333984687256
"AL48LT",51.833516198535,-0.30129285862994
"AL48LU",51.832459777346,-0.30099876465671
"AL48LW",51.834031908041,-0.30275406209215
"AL48LX",51.835867710773,-0.30097208882706
"AL48LY",51.838127144575,-0.30424048116196
"AL48LZ",51.836955988283,-0.30659265087834
"AL48ND",51.812432422307,-0.27750781929625
"AL48NG",51.809815266841,-0.2861093397616
"AL48NH",51.809519267657,-0.28246456306949
"AL48NJ",51.810768349515,-0.28116935098236
"AL48NN",51.808536942555,-0.28293713992226
"AL48NP",51.807629810408,-0.28548139053537
"AL48NQ",51.809325575852,-0.28398074920839
"AL48NR",51.807390082564,-0.28692670872251
"AL48NS",51.808552396282,-0.28646191204318
"AL48NT",51.809091985683,-0.28707978896918
"AL48NU",51.808213695404,-0.28728718123873
"AL48NW",51.808659516851,-0.28455734212571
"AL48NX",51.807889375278,-0.28786526661256
"AL48NY",51.806586499498,-0.28917675205351
"AL48NZ",51.806982135163,-0.29040938399077
"AL48PA",51.807713881893,-0.29001900907042
"AL48PB",51.808473984277,-0.28910527337057
"AL48PD",51.808775101604,-0.29002236315936
"AL48PE",51.809219356946,-0.28903352051378
"AL48PF",51.80696829177,-0.28452000963384
"AL48PG",51.807663431237,-0.28408740740528
"AL48PL",51.80890158131,-0.29191809131389
"AL48PP",51.809942787862,-0.29240101301343
"AL48PR",51.806923018035,-0.29252966008564
"AL48PS",51.806848652662,-0.29298219044786
"AL48PU",51.806013037544,-0.29365206252937
"AL48PW",51.809137797959,-0.29208325378965
"AL48PX",51.806558743113,-0.29531426344211
"AL48PZ",51.807215541528,-0.29347608011051
"AL48QA",51.807061332111,-0.29400416275134
"AL48QB",51.808761545388,-0.29404151096305
"AL48QD",51.808995805262,-0.29345235341477
"AL48QE",51.808954285146,-0.29679070734541
"AL48QF",51.808351875282,-0.2967989116273
"AL48QG",51.808584838839,-0.29549894836616
"AL48QH",51.807130714521,-0.29630818390312
"AL48QJ",51.807619543516,-0.29528874367478
"AL48QL",51.810754379915,-0.29193508299432
"AL48QQ",51.807816451203,-0.29832786637418
"AL48QZ",51.815191376014,-0.29217356187455
"AL48RA",51.816131431614,-0.29498198859776
"AL48RB",51.815777204103,-0.29350083575314
"AL48RD",51.817967616921,-0.29633470949887
"AL48RE",51.815429909038,-0.29249826866218
"AL48RG",51.819427799091,-0.28974961268677
"AL48RH",51.825291856246,-0.29041278235806
"AL48RJ",51.830987052412,-0.28565394233604
"AL48RL",51.830362758196,-0.28601148926876
"AL48RN",51.824780126785,-0.29604863320925
"AL48RP",51.830495325762,-0.30010022088577
"AL48RQ",51.824463845033,-0.29346278768168
"AL48RR",51.832403065596,-0.29956388541346
"AL48RS",51.826943628293,-0.29268691539524
"AL48RT",51.828946401661,-0.29374327771077
"AL48RU",51.826760637565,-0.29185205314341
"AL48RW",51.827324879491,-0.30100334080786
"AL48RX",51.827387690648,-0.29168319060823
"AL48RY",51.832010375327,-0.30101568036689
"AL48RZ",51.832265671286,-0.30374945212362
"AL48SA",51.834339561778,-0.30975367485749
"AL48SB",51.813281685652,-0.29009841340955
"AL48TA",51.804659578603,-0.2914837003994
"AL48TB",51.805446868439,-0.290583530528
"AL48TD",51.804790109581,-0.29056485923623
"AL48TE",51.805212257563,-0.28991059821134
"AL48TF",51.804989046896,-0.2918774236286
"AL48TG",51.805874418971,-0.28968244022292
"AL48TH",51.806262536581,-0.29101688996424
"AL48TJ",51.805860405637,-0.28810173168328
"AL48TL",51.805209287666,-0.28538465981766
"AL48TN",51.805964060471,-0.2865745884451
"AL48TP",51.806944810361,-0.28660992858941
"AL48TQ",51.805506771767,-0.2916112371193
"AL48TR",51.80547310036,-0.28682531415164
"AL48TS",51.806274203016,-0.28625818107129
"AL48TT",51.806726357668,-0.28519652114785
"AL48TU",51.805915854515,-0.29005804835393
"AL48TW",51.806057649893,-0.28497528572145
"AL48XG",51.747348571859,-0.30026826935383
"AL48XH",51.747348571859,-0.30026826935383
"AL48ZS",51.747348571859,-0.30026826935383
"AL49AA",51.760747479619,-0.30457649172116
"AL49AB",51.761693948199,-0.30535261619712
"AL49AD",51.762038428796,-0.30491942755416
"AL49AE",51.761890647993,-0.30340323523695
"AL49AF",51.760819804236,-0.30397959761287
"AL49AH",51.769815739053,-0.29485827064332
"AL49AJ",51.767888123516,-0.29278572317509
"AL49AL",51.767359980593,-0.31225714137294
"AL49AN",51.768522577642,-0.31243119198411
"AL49AP",51.769086706526,-0.31539610572302
"AL49AQ",51.767959774675,-0.29462383497326
"AL49AR",51.769598203489,-0.31531907858434
"AL49AS",51.768657858575,-0.31183185888516
"AL49AT",51.767750923155,-0.31130041426366
"AL49AU",51.766636972352,-0.3120087228328
"AL49AW",51.769001299889,-0.31445711698954
"AL49AX",51.769695493463,-0.31144525515253
"AL49AZ",51.770370773527,-0.31526131743535
"AL49BA",51.769361750908,-0.29270112310859
"AL49BB",51.770586404037,-0.29466977217765
"AL49BD",51.769952622297,-0.29747675061357
"AL49BG",51.78821843018,-0.27595085597745
"AL49BH",51.794220856559,-0.27622951835157
"AL49BJ",51.769003338185,-0.2934104065439
"AL49BL",51.77050980689,-0.29620917472588
"AL49BN",51.77025545132,-0.29665361470296
"AL49BQ",51.791129351131,-0.27698550115465
"AL49BS",51.778700999036,-0.30419347717538
"AL49BT",51.77000563249,-0.29617018211868
"AL49BU",51.777867400264,-0.30500761372525
"AL49BX",51.776988854734,-0.30582340347684
"AL49BY",51.778238207074,-0.3057766021775
"AL49BZ",51.778893093175,-0.30504166181061
"AL49DA",51.779648098171,-0.30438993581967
"AL49DB",51.778894132771,-0.30573753145024
"AL49DD",51.780105865993,-0.30432927640576
"AL49DE",51.781058187253,-0.30364112118281
"AL49DF",51.781392833781,-0.30315010378408
"AL49DG",51.781872962176,-0.30276961071761
"AL49DH",51.781222678318,-0.30257653481186
"AL49DJ",51.780489216145,-0.30347398262822
"AL49DL",51.780398270936,-0.30215802346635
"AL49DN",51.780651599415,-0.3016410589334
"AL49DP",51.782591923162,-0.29962527801319
"AL49DQ",51.783944810754,-0.30176386064741
"AL49DR",51.780153498343,-0.30202222828086
"AL49DS",51.780925043591,-0.29754213963136
"AL49DU",51.782172835811,-0.29987302361638
"AL49DW",51.781785149619,-0.3016709804203
"AL49DX",51.781034194938,-0.29824847130344
"AL49DY",51.780151017278,-0.29749878667289
"AL49DZ",51.780100114239,-0.29584787427662
"AL49EA",51.780809209501,-0.29699554897123
"AL49EB",51.779956467457,-0.29524435237736
"AL49ED",51.780296950258,-0.29267976941855
"AL49EE",51.778225592936,-0.2961939699571
"AL49EF",51.779042082528,-0.29668514268505
"AL49EG",51.777951792268,-0.29653773460634
"AL49EH",51.779256857177,-0.29847483336772
"AL49EJ",51.7798291906,-0.29887375293394
"AL49EL",51.778981162266,-0.2986881801336
"AL49EN",51.77973437546,-0.30102307904121
"AL49EP",51.778753042537,-0.3034376268966
"AL49EQ",51.779119236407,-0.29704469132754
"AL49ER",51.779584315712,-0.30184062276522
"AL49ES",51.762242860338,-0.30412916069358
"AL49ET",51.779567825069,-0.30318958547982
"AL49EU",51.779246692227,-0.30025849682206
"AL49EW",51.779196164274,-0.30236263491093
"AL49EX",51.780732851352,-0.29979667326984
"AL49EY",51.766452033079,-0.29421685416059
"AL49EZ",51.765198059933,-0.29394526722465
"AL49FG",51.778064682783,-0.27897657289283
"AL49FH",51.792027675535,-0.30537583504853
"AL49HA",51.765489095026,-0.29478942865612
"AL49HB",51.766476736473,-0.29467973509763
"AL49HD",51.764585186129,-0.29385242751404
"AL49HE",51.764167476636,-0.28924478356201
"AL49HF",51.772816200164,-0.28968600420964
"AL49HG",51.776419456486,-0.27716901998037
"AL49HH",51.778261150777,-0.28688496748824
"AL49HJ",51.775820727759,-0.27191485852994
"AL49HL",51.772896385197,-0.2687504323257
"AL49HN",51.769365661289,-0.27449515598051
"AL49HP",51.766527455674,-0.27596585440236
"AL49HQ",51.777844231753,-0.28358076513147
"AL49HR",51.766440401202,-0.2835351171476
"AL49HS",51.767180816811,-0.29114556107488
"AL49HT",51.767299413951,-0.29188029614361
"AL49HU",51.767275364425,-0.29393940790174
"AL49HW",51.766493775628,-0.27673532888607
"AL49HX",51.767128132711,-0.29308979347985
"AL49HY",51.764239734348,-0.29235813771402
"AL49HZ",51.766786945354,-0.29250840176744
"AL49JA",51.764938636545,-0.2915635976297
"AL49JB",51.763818356149,-0.29059136582105
"AL49JD",51.763792160145,-0.29188225733804
"AL49JE",51.763252738093,-0.29065621279711
"AL49JF",51.762544080899,-0.29016123872278
"AL49JG",51.766106523165,-0.29209925967347
"AL49JH",51.765360783283,-0.29276513551408
"AL49JJ",51.762595602334,-0.29308685682342
"AL49JL",51.763180190267,-0.29247058871654
"AL49JN",51.763822192606,-0.29333045230243
"AL49JP",51.772502666278,-0.30030897832713
"AL49JQ",51.766247298529,-0.29312302421178
"AL49JR",51.773182222908,-0.30066034656992
"AL49JS",51.773203061764,-0.29899249140156
"AL49JT",51.771990761949,-0.30035720463584
"AL49JU",51.772445423182,-0.30132585176435
"AL49JW",51.773930497551,-0.29954499613982
"AL49JX",51.773531712512,-0.30057473483077
"AL49JZ",51.768031728701,-0.29524439185227
"AL49LA",51.776938660488,-0.30733302024298
"AL49LB",51.776890114605,-0.30895855132183
"AL49LD",51.776127831777,-0.30785627026403
"AL49LE",51.77506319877,-0.30949075487871
"AL49LF",51.769568281766,-0.31323289982878
"AL49LG",51.773942356406,-0.31034444940857
"AL49LH",51.773185574197,-0.31212676524114
"AL49LJ",51.772677264464,-0.31430564952796
"AL49LL",51.771674418148,-0.31586507537757
"AL49LN",51.770401622082,-0.31615888059995
"AL49LP",51.770012922006,-0.31727498585163
"AL49LQ",51.773369344665,-0.30614742495953
"AL49LS",51.769320897366,-0.31667744088155
"AL49LT",51.768205876447,-0.31731320860295
"AL49LU",51.766956989845,-0.31864964489563
"AL49LW",51.771898982398,-0.31898781455236
"AL49LX",51.767048885416,-0.31753017059973
"AL49LY",51.767335056616,-0.31741806814242
"AL49LZ",51.767951369405,-0.31649648409549
"AL49NA",51.76795184814,-0.31590218895491
"AL49NB",51.768099931321,-0.31494003191209
"AL49ND",51.768298818208,-0.31375855488112
"AL49NE",51.768326663485,-0.3131922239766
"AL49NF",51.767322111182,-0.31525888891469
"AL49NG",51.766828114454,-0.31592952323492
"AL49NH",51.769715259828,-0.3190979490499
"AL49NJ",51.77110489834,-0.31503103886767
"AL49NL",51.770762778943,-0.31437699009495
"AL49NN",51.771106556132,-0.31263920572359
"AL49NP",51.770123006251,-0.31366156984145
"AL49NQ",51.766566769775,-0.31651901590152
"AL49NR",51.768820969449,-0.31066618389147
"AL49NS",51.769597734744,-0.31027480041161
"AL49NT",51.769771457337,-0.30984795200261
"AL49NU",51.769572519455,-0.30852183509245
"AL49NW",51.770187306971,-0.31187625209038
"AL49NX",51.770285989225,-0.30623388646846
"AL49NY",51.768422107552,-0.30544847869812
"AL49NZ",51.768600400929,-0.30596361316131
"AL49PA",51.768204910779,-0.30660169268352
"AL49PD",51.768769481602,-0.30708788009194
"AL49PE",51.768107214073,-0.30918539417043
"AL49PF",51.768118542603,-0.30809787312833
"AL49PG",51.767310290852,-0.30567854832593
"AL49PH",51.768005732497,-0.30401461356261
"AL49PJ",51.767909344698,-0.30169909426809
"AL49PL",51.768783717343,-0.30246348849752
"AL49PN",51.769194884115,-0.30353518465542
"AL49PP",51.769745879519,-0.3037029596038
"AL49PQ",51.767313017548,-0.30399709767048
"AL49PR",51.769230187638,-0.30660680038704
"AL49PS",51.76897216306,-0.30929801691476
"AL49PU",51.767432170288,-0.31980603221279
"AL49PW",51.769290610341,-0.30269088378134
"AL49PZ",51.767706994131,-0.32015818810665
"AL49QA",51.764551331555,-0.30643406831102
"AL49QB",51.765514495173,-0.30774594098173
"AL49QD",51.766502259458,-0.31014400811507
"AL49QE",51.767032320854,-0.31073297027885
"AL49QF",51.766680802877,-0.30942712512778
"AL49QG",51.766881114612,-0.30772381436979
"AL49QH",51.76589890069,-0.30758662437533
"AL49QJ",51.765970636941,-0.30569972748265
"AL49QL",51.765783772242,-0.30521393260377
"AL49QN",51.764522090212,-0.30440607437698
"AL49QP",51.763794016668,-0.30131730650329
"AL49QQ",51.766448656323,-0.30704427266668
"AL49QR",51.763801353961,-0.30244750563263
"AL49QS",51.763921137876,-0.30389234180519
"AL49QT",51.768040055733,-0.31955154333665
"AL49QU",51.768329432586,-0.29592892082945
"AL49QW",51.764206657703,-0.30249027366899
"AL49QX",51.769420854188,-0.29739529746734
"AL49QY",51.768567364975,-0.29683313120199
"AL49QZ",51.769752746726,-0.29671602821425
"AL49RA",51.764273544259,-0.30587922257597
"AL49RB",51.763680541976,-0.30529270943312
"AL49RD",51.763219642777,-0.30451285223307
"AL49RE",51.763744712384,-0.30537726550042
"AL49RF",51.763219642777,-0.30451285223307
"AL49RG",51.769304559618,-0.29619658621224
"AL49RH",51.764657529556,-0.30569092336009
"AL49RJ",51.763329166079,-0.30275508219191
"AL49RL",51.763408347811,-0.30076655227489
"AL49RN",51.764308837695,-0.30084868308901
"AL49RP",51.766750102559,-0.3030036045828
"AL49RQ",51.763256223156,-0.30393175818076
"AL49RR",51.766015567385,-0.30195860072427
"AL49RS",51.766750470295,-0.30053957524863
"AL49RT",51.766388828371,-0.29978497206027
"AL49RU",51.765397659562,-0.30089475702794
"AL49RW",51.765998653456,-0.30327818646444
"AL49RX",51.765437528763,-0.2992989428031
"AL49RY",51.765041841198,-0.29929932198733
"AL49RZ",51.764630666359,-0.29885098362956
"AL49SA",51.764261782872,-0.3000822991556
"AL49SD",51.769105016589,-0.31103244585452
"AL49SH",51.768388303497,-0.29812990420964
"AL49SJ",51.769793886657,-0.30017882975252
"AL49SL",51.770822130005,-0.30163323126095
"AL49SN",51.77017765228,-0.29997597085858
"AL49SP",51.77159008468,-0.30125650068894
"AL49SR",51.771570866841,-0.30179356529093
"AL49SS",51.771251061572,-0.30206649268542
"AL49ST",51.771918704676,-0.30283870513004
"AL49SU",51.771391960486,-0.30310489416596
"AL49SW",51.770559740803,-0.29965720800331
"AL49SX",51.771053750958,-0.30272620001372
"AL49SY",51.770556276484,-0.30377404004637
"AL49SZ",51.770065482489,-0.30403886201988
"AL49TB",51.770926367618,-0.29951296756507
"AL49TE",51.76990082556,-0.29824694689846
"AL49TF",51.768425061486,-0.29756322610611
"AL49TG",51.767104017213,-0.29762742971792
"AL49TH",51.76491709806,-0.29627484236094
"AL49TJ",51.765502332784,-0.29570204044984
"AL49TL",51.764576809355,-0.29637461658384
"AL49TN",51.771981244234,-0.2978352773236
"AL49TP",51.770653027939,-0.29678359933558
"AL49TQ",51.766340200335,-0.29704741764341
"AL49TR",51.770599591516,-0.29806121087453
"AL49TS",51.771080187286,-0.29895635253431
"AL49TT",51.772191597106,-0.29932044564948
"AL49TU",51.762761660213,-0.30518219402709
"AL49TW",51.771352495577,-0.29788792747257
"AL49TX",51.762637919808,-0.30346217506688
"AL49TY",51.762455432324,-0.30265741833233
"AL49TZ",51.762759136739,-0.30189239411517
"AL49UA",51.762612172342,-0.30105732195458
"AL49UB",51.763042538181,-0.30034549853811
"AL49UD",51.762330148301,-0.29958964537847
"AL49UE",51.761373396545,-0.29872706196877
"AL49UF",51.761817493586,-0.29710168345319
"AL49UG",51.762071556729,-0.29539647443484
"AL49UH",51.76265090229,-0.29441811850414
"AL49UJ",51.763726583786,-0.2947978770373
"AL49UL",51.764259451555,-0.29557493383143
"AL49UN",51.763894719741,-0.29584955208472
"AL49UP",51.762262911887,-0.29680955867758
"AL49UQ",51.762374841681,-0.29522562873327
"AL49UR",51.762780864253,-0.29655817627899
"AL49UT",51.76259050819,-0.29769578712084
"AL49UU",51.762293751031,-0.29893883774192
"AL49UW",51.762909762982,-0.29552432171881
"AL49UY",51.780197404096,-0.30257152346212
"AL49UZ",51.779764509108,-0.3024862834705
"AL49WQ",51.747348571859,-0.30026826935383
"AL49XA",51.769381061127,-0.3002378263313
"AL49XB",51.768741806705,-0.29894281273561
"AL49XD",51.76806080556,-0.29911336430532
"AL49XE",51.766872666199,-0.29841882446564
"AL49XF",51.76548926698,-0.29728235834687
"AL49XG",51.763103912685,-0.29837213913241
"AL49XH",51.766375202788,-0.29884336803477
"AL49XJ",51.768789101366,-0.30034703646596
"AL49XL",51.768841599167,-0.30149015974585
"AL49XQ",51.764263381842,-0.29832853568049
"AL49XR",51.768743158535,-0.31840932620552
"AL49XU",51.761160907736,-0.30144513314205
"AL49XW",51.772036401279,-0.31414108480212
"AL49XY",51.761443276854,-0.3004490437826
"AL49XZ",51.761852389107,-0.30262206722775
"AL49YB",51.77165099905,-0.3136046091459
"AL49YD",51.773505691016,-0.29815481724209
"AL49YE",51.773250925152,-0.29546809042432
"AL49YF",51.771816189659,-0.29575408696203
"AL49YG",51.771375352174,-0.29574170382561
"AL49YH",51.772489921564,-0.29632304213732
"AL49YJ",51.773834609717,-0.29664930366302
"AL49YL",51.774158640668,-0.29728944791225
"AL49YQ",51.772759815563,-0.29695070734401
"AL49ZL",51.747348571859,-0.30026826935383
"AL49ZR",51.747348571859,-0.30026826935383
"AL51AA",51.81073815441,-0.3334149408934
"AL51AB",51.81148226833,-0.33261853636475
"AL51AD",51.810955044462,-0.32905443628652
"AL51AF",51.807400839712,-0.3156796761085
"AL51AG",51.808870948252,-0.3153492190825
"AL51AH",51.806466920429,-0.32521652554394
"AL51AJ",51.806005217734,-0.32500153214727
"AL51AL",51.79678797713,-0.32377674544788
"AL51AN",51.791725448176,-0.33901772802454
"AL51AP",51.79640413151,-0.34237017772004
"AL51AQ",51.804301350892,-0.32155419244887
"AL51AS",51.803914659914,-0.34247181746359
"AL51AU",51.811836210188,-0.33411436815141
"AL51AW",51.795370038495,-0.34046465834738
"AL51AX",51.805207110689,-0.34101727522256
"AL51AY",51.804960830377,-0.33758830054608
"AL51BA",51.805811790873,-0.34180744597151
"AL51BB",51.805398133843,-0.3424464086113
"AL51BD",51.805300073012,-0.34186974582311
"AL51BE",51.804605740776,-0.34365048686522
"AL51BG",51.804357950054,-0.34329691543181
"AL51BH",51.803633152161,-0.34547037367471
"AL51BJ",51.803829670225,-0.34537614153578
"AL51BL",51.80112638835,-0.34754936421086
"AL51BN",51.801819351606,-0.34119967558817
"AL51BP",51.801947856287,-0.34202176784022
"AL51BQ",51.803483013478,-0.34502618783611
"AL51BS",51.802520250745,-0.34243593404638
"AL51BT",51.797052923229,-0.34246241291871
"AL51BU",51.796896856354,-0.34287424326463
"AL51BW",51.803439919609,-0.34388179968292
"AL51BX",51.798302481547,-0.34115471301224
"AL51BY",51.799615178976,-0.34113553716061
"AL51BZ",51.798773364386,-0.3426603919332
"AL51DA",51.798095772097,-0.34307685391608
"AL51DB",51.79951673843,-0.34308277375762
"AL51DD",51.800233757734,-0.34291143524022
"AL51DE",51.800038865908,-0.34503628462195
"AL51DF",51.801097036658,-0.34227056205719
"AL51DG",51.802547829941,-0.34439318117894
"AL51DH",51.802967598369,-0.34610398542445
"AL51DJ",51.804949947536,-0.34446473286884
"AL51DL",51.805794233447,-0.344390276546
"AL51DN",51.804687234709,-0.34177618551699
"AL51DP",51.80568882774,-0.34392992690094
"AL51DQ",51.802710010637,-0.34569274924021
"AL51DR",51.805115212679,-0.34342871978184
"AL51DT",51.808214959474,-0.35026412105736
"AL51DW",51.806188901026,-0.34431778707425
"AL51DY",51.805892710155,-0.32404825915461
"AL51DZ",51.808830433454,-0.34414843983642
"AL51EA",51.804850671147,-0.34380107793305
"AL51EE",51.814290524727,-0.35192843993342
"AL51EF",51.805176811309,-0.3388714300177
"AL51EG",51.804082349785,-0.34097153591009
"AL51EH",51.804886053988,-0.33738796247034
"AL51EJ",51.805107274267,-0.33713321230173
"AL51EL",51.805611264481,-0.3377964742393
"AL51EN",51.805961773023,-0.33714528300538
"AL51EP",51.804854500548,-0.33579342248925
"AL51EQ",51.804370963076,-0.33975692314892
"AL51ER",51.805099556309,-0.33468190574305
"AL51ES",51.80558882295,-0.3349394977535
"AL51ET",51.805942488286,-0.33578236080116
"AL51EU",51.806860018159,-0.33452997327068
"AL51EW",51.805726437966,-0.33703789112527
"AL51EX",51.806463098048,-0.33444305677279
"AL51EY",51.807415211593,-0.33182567413928
"AL51EZ",51.80789199706,-0.32993661962417
"AL51GD",51.806931425183,-0.34085240978149
"AL51GZ",51.814290524727,-0.35192843993342
"AL51HA",51.807321558782,-0.3309296873524
"AL51HB",51.806296737364,-0.3334917381212
"AL51HD",51.805009981676,-0.33343765448827
"AL51HE",51.805367603565,-0.3326556164777
"AL51HF",51.806385549116,-0.33087722510771
"AL51HG",51.804436406641,-0.33167454240559
"AL51HH",51.802530356296,-0.33043940959537
"AL51HJ",51.803923171561,-0.33289749742883
"AL51HL",51.804683582033,-0.33388488345911
"AL51HN",51.804376848027,-0.33508570452839
"AL51HQ",51.803805036382,-0.33027626197304
"AL51JA",51.809255324718,-0.32525823076904
"AL51JB",51.810451864291,-0.32213813377787
"AL51JD",51.810471210081,-0.31971454500566
"AL51JE",51.809658007943,-0.32196450804343
"AL51JF",51.809389984262,-0.3208283432128
"AL51JG",51.808243783759,-0.32306157723461
"AL51JH",51.808506994901,-0.32765070535526
"AL51JJ",51.807358155074,-0.32780928946765
"AL51JL",51.805749712878,-0.32979820790547
"AL51JN",51.805935655729,-0.33022653608585
"AL51JP",51.80484620016,-0.3282359049362
"AL51JQ",51.80821556986,-0.32676203020171
"AL51JR",51.804951873048,-0.32871070680703
"AL51JS",51.805101660873,-0.32912585364863
"AL51JU",51.805092543333,-0.32974996870062
"AL51JW",51.806521717567,-0.32843503177713
"AL51JX",51.804149398624,-0.3298283516057
"AL51JY",51.804389476507,-0.33026917056022
"AL51LG",51.807215980067,-0.34062435290597
"AL51LH",51.807038653515,-0.34016663973885
"AL51LJ",51.808116457421,-0.3413456637728
"AL51LL",51.808587938004,-0.34161850470477
"AL51LN",51.808057172845,-0.33969399729376
"AL51LP",51.809112202774,-0.33798683304799
"AL51LQ",51.808142213674,-0.342534326607
"AL51LR",51.809308538946,-0.33851639842977
"AL51LS",51.810021343252,-0.33613988076297
"AL51LT",51.810400324352,-0.33686583781052
"AL51LU",51.809282500577,-0.33667486624066
"AL51LW",51.808002605683,-0.33901415582897
"AL51LX",51.808799763749,-0.33624290318824
"AL51LZ",51.810153562845,-0.33404584754243
"AL51NA",51.808564648226,-0.33361118465103
"AL51NB",51.808743534109,-0.33290822002053
"AL51ND",51.809616641234,-0.33106251084496
"AL51NE",51.809325333533,-0.32764942685543
"AL51NF",51.808982661755,-0.3269512341464
"AL51NG",51.808753835382,-0.32983222126782
"AL51NL",51.807603330265,-0.34322143018977
"AL51NQ",51.809040702386,-0.33230243707379
"AL51NY",51.808605076003,-0.34666650825623
"AL51PA",51.813951158134,-0.35273883243867
"AL51PD",51.812843451007,-0.35134284648315
"AL51PE",51.812481720918,-0.35055806525399
"AL51PF",51.810893710131,-0.34954243704118
"AL51PG",51.809735703045,-0.34840960361315
"AL51PQ",51.808834880295,-0.34702078886998
"AL51PR",51.80714983164,-0.34358623111604
"AL51PS",51.806708997603,-0.34357337950281
"AL51PU",51.806688755225,-0.34149962747
"AL51PW",51.80835609154,-0.34494922992647
"AL51PX",51.806514447134,-0.33934449803139
"AL51PY",51.806888699494,-0.33973693825494
"AL51QA",51.807142309288,-0.33731943901973
"AL51QB",51.807862114076,-0.33607433152296
"AL51QD",51.807551749226,-0.33511377722068
"AL51QE",51.805391938927,-0.33945828894675
"AL51QF",51.804598772639,-0.34124269963003
"AL51QG",51.806333270191,-0.3398879106371
"AL51QH",51.806014639979,-0.34535415097362
"AL51QJ",51.806479377761,-0.34514854128785
"AL51QL",51.806096771363,-0.34288499397554
"AL51QN",51.807233159417,-0.34567220182125
"AL51QP",51.807618011171,-0.34618037021747
"AL51QQ",51.806316565356,-0.34189046775821
"AL51QR",51.80784638939,-0.34643314172102
"AL51QU",51.808409796116,-0.34620941495753
"AL51QW",51.807086870952,-0.34678009611342
"AL51QX",51.80192034072,-0.33752609547847
"AL51QY",51.80617191672,-0.3463058385522
"AL51RB",51.803450528076,-0.33635284023379
"AL51RD",51.803238599546,-0.33853652107697
"AL51RE",51.803128963965,-0.34032476754187
"AL51RF",51.803725371271,-0.33798189987207
"AL51RG",51.803890336671,-0.33629312862505
"AL51RH",51.80302021761,-0.33835597580342
"AL51RJ",51.801572083461,-0.33833670042847
"AL51RL",51.802079139138,-0.33921739418447
"AL51RN",51.802527959681,-0.33979562870598
"AL51RP",51.804100857503,-0.33846129656178
"AL51RQ",51.80320706218,-0.33694203805213
"AL51RR",51.80381960776,-0.33955959162035
"AL51RS",51.801368451938,-0.33919999814989
"AL51RT",51.800464004466,-0.33692694961579
"AL51RU",51.800800552826,-0.33910482924181
"AL51RW",51.804553898802,-0.33742919746518
"AL51RZ",51.799864109015,-0.33838499876668
"AL51SD",51.803699960272,-0.33364553938354
"AL51SE",51.802730357278,-0.33503032605092
"AL51SF",51.8019312249,-0.33511779282079
"AL51SG",51.803304783435,-0.33495113624903
"AL51SH",51.802413224725,-0.33676817663331
"AL51SJ",51.801711487485,-0.33611225366386
"AL51SL",51.801763687114,-0.33471781482594
"AL51SN",51.801391603571,-0.33638512696494
"AL51SP",51.801614278455,-0.33369344199684
"AL51SQ",51.803212687868,-0.33543322292724
"AL51SR",51.80256790498,-0.33435454672828
"AL51SS",51.802088484937,-0.33225441713699
"AL51ST",51.803119929363,-0.33269503992006
"AL51SU",51.802464487463,-0.33150075327987
"AL51SW",51.801236255595,-0.33494032482154
"AL51SX",51.803362075435,-0.3313805736536
"AL51SY",51.80332234921,-0.33048267544235
"AL51SZ",51.800241553899,-0.33709469001312
"AL51TA",51.800624801768,-0.3374867274584
"AL51TB",51.800876882987,-0.33750646353405
"AL51TD",51.800670286725,-0.3362521265854
"AL51TE",51.813673177474,-0.3521540938831
"AL51TH",51.805971506771,-0.34037992520107
"AL51XJ",51.814290524727,-0.35192843993342
"AL51ZR",51.814290524727,-0.35192843993342
"AL52AA",51.792630908035,-0.35287778735603
"AL52AB",51.791663639939,-0.35701712855818
"AL52AD",51.794238942881,-0.35083228739952
"AL52AE",51.794885124056,-0.35009805609224
"AL52AF",51.793621300677,-0.35231959914539
"AL52AG",51.794029432519,-0.35256577329812
"AL52AH",51.795262188521,-0.35069342923803
"AL52AJ",51.795741620171,-0.35089348566459
"AL52AL",51.796247468792,-0.35297804826625
"AL52AN",51.796908185374,-0.35199672008143
"AL52AP",51.797844142061,-0.35268779542124
"AL52AQ",51.795070454095,-0.35241180400562
"AL52AR",51.795554364916,-0.34972554548694
"AL52AS",51.796139179773,-0.35038585915163
"AL52AT",51.797702091503,-0.35089447082367
"AL52AU",51.799826188175,-0.36324750760004
"AL52AW",51.797190581061,-0.35353833845584
"AL52AX",51.79871817682,-0.36440447224195
"AL52AY",51.796437717875,-0.36985333871075
"AL52AZ",51.800348789034,-0.3652592625816
"AL52BA",51.801754946035,-0.37067690059746
"AL52BB",51.802855224285,-0.37545310928566
"AL52BE",51.805697386277,-0.3676914423106
"AL52BG",51.805421966953,-0.36793349654595
"AL52BH",51.809973057055,-0.37187483310483
"AL52BJ",51.797956364621,-0.35171192811752
"AL52BL",51.794485642607,-0.35431851328077
"AL52BN",51.795795850825,-0.35476392461555
"AL52BQ",51.807085149668,-0.36724961352564
"AL52BS",51.813869898587,-0.35464250642695
"AL52BT",51.813705955865,-0.35578019484503
"AL52BU",51.813940801528,-0.35649710887688
"AL52BW",51.815130097851,-0.3566569680772
"AL52BX",51.814512741084,-0.35688256205241
"AL52BY",51.815309792745,-0.35728885662795
"AL52BZ",51.815511255564,-0.35690427542926
"AL52DA",51.812527083226,-0.36863437207331
"AL52DB",51.815494952141,-0.35831231485736
"AL52DD",51.814974641472,-0.35840377490199
"AL52DE",51.81441339143,-0.35749557142703
"AL52DF",51.813687609506,-0.35897288128928
"AL52DG",51.813232874274,-0.36054186788342
"AL52DH",51.813071902757,-0.36318834299753
"AL52DJ",51.814725250657,-0.36115513549222
"AL52DN",51.814278959241,-0.36075055722725
"AL52DP",51.813776115936,-0.3640333754357
"AL52DQ",51.813681294104,-0.36174436188893
"AL52DR",51.814609112969,-0.36314714594219
"AL52DS",51.815808694906,-0.36404681158684
"AL52DT",51.809816834842,-0.35419530634034
"AL52DU",51.816582388704,-0.36471527099639
"AL52DW",51.813606454814,-0.36347366400914
"AL52DX",51.816729111438,-0.36556605669993
"AL52DY",51.81569971445,-0.36461664162396
"AL52DZ",51.813935545148,-0.36579772855573
"AL52EA",51.814100840814,-0.36669132423647
"AL52EB",51.813676252209,-0.36914421537477
"AL52ED",51.815074807607,-0.36688825746767
"AL52EE",51.815682264904,-0.36724354759363
"AL52EF",51.812638361234,-0.35789382024349
"AL52EG",51.797665023465,-0.35659590930503
"AL52EH",51.81420619388,-0.35618275589605
"AL52EJ",51.813658174943,-0.35557880580018
"AL52EL",51.814409996396,-0.35854037215495
"AL52EN",51.820274896046,-0.36122945247538
"AL52EP",51.819157722867,-0.3623728236291
"AL52ER",51.81852207423,-0.36193153072466
"AL52ES",51.818457440177,-0.36245626033651
"AL52ET",51.819677004377,-0.36479185567833
"AL52EU",51.819966155691,-0.36424447166247
"AL52EW",51.820622516283,-0.36165217916726
"AL52EX",51.820568992469,-0.36297465652515
"AL52EY",51.82083833571,-0.36358888525887
"AL52EZ",51.821471152899,-0.36382716257586
"AL52FB",51.817289312908,-0.35479362994948
"AL52FD",51.816863412346,-0.35456247129769
"AL52GT",51.803074644171,-0.35758864157574
"AL52GX",51.803085376512,-0.35835705721111
"AL52HA",51.820487737954,-0.36618461019878
"AL52HB",51.820056095312,-0.36618571579332
"AL52HD",51.819597641238,-0.36749378657911
"AL52HE",51.818690220004,-0.36950005313057
"AL52HF",51.818387167027,-0.36904665333962
"AL52HG",51.818375022321,-0.36752347228601
"AL52HH",51.817196409359,-0.36813197641664
"AL52HJ",51.818405814235,-0.36456218110332
"AL52HL",51.81904101546,-0.36626597273739
"AL52HN",51.819564475816,-0.36575365969685
"AL52HQ",51.817643009652,-0.36791269321972
"AL52HS",51.813546193971,-0.35593110179974
"AL52HU",51.813267072683,-0.35462093830956
"AL52HW",51.819755697059,-0.36333789476415
"AL52HY",51.813338918463,-0.35525672014223
"AL52HZ",51.812935374458,-0.3540526634484
"AL52JB",51.811070583237,-0.35317756924368
"AL52JD",51.808391862475,-0.35326071016206
"AL52JE",51.808275772383,-0.35396129900028
"AL52JF",51.811385630158,-0.35255672909433
"AL52JG",51.809852489165,-0.35288829190055
"AL52JH",51.808704254628,-0.35694875554758
"AL52JJ",51.808556996205,-0.35670748327618
"AL52JL",51.81118128636,-0.35337665069431
"AL52JN",51.807494249229,-0.35338047122973
"AL52JP",51.80363834669,-0.35481202141177
"AL52JQ",51.809095884053,-0.35472934116364
"AL52JR",51.803945509482,-0.3555551520137
"AL52JS",51.804173119965,-0.35704099869623
"AL52JT",51.802301443975,-0.35760223973391
"AL52JU",51.800912248079,-0.3566518804316
"AL52JW",51.805230004717,-0.35352101661948
"AL52JY",51.802695455435,-0.3561953766051
"AL52JZ",51.804326531559,-0.35514961822978
"AL52LA",51.803072081818,-0.35483263892182
"AL52LB",51.801873325034,-0.35528243376536
"AL52LD",51.80161553263,-0.35292745228494
"AL52LE",51.799572230214,-0.35150794589266
"AL52LF",51.799140384256,-0.35406198797127
"AL52LG",51.797059286596,-0.35700953884727
"AL52LH",51.798093213739,-0.35441921755164
"AL52LJ",51.798519128111,-0.35208301943222
"AL52LL",51.798750226912,-0.35124784251998
"AL52LN",51.80338023722,-0.35371897308455
"AL52LQ",51.796887138243,-0.35820510680395
"AL52LR",51.795875648168,-0.36305699453091
"AL52LU",51.794376203189,-0.36322732210206
"AL52LX",51.81266491302,-0.35400448337968
"AL52LZ",51.800043615759,-0.36400838610966
"AL52NA",51.800583209011,-0.35949231429242
"AL52NB",51.799383734771,-0.36053667261006
"AL52ND",51.798493791883,-0.36120714579054
"AL52NE",51.799867951931,-0.35850294810343
"AL52NF",51.800499646379,-0.35801584426062
"AL52NG",51.798703951925,-0.35693524314015
"AL52NH",51.799952724047,-0.35491719196028
"AL52NJ",51.798459816276,-0.35877165878696
"AL52NL",51.798443372844,-0.35952647829769
"AL52NN",51.797905195061,-0.36027121844287
"AL52NP",51.795865348338,-0.36102688547314
"AL52NQ",51.799095994493,-0.35667441325021
"AL52NR",51.79372864326,-0.36193102012606
"AL52NS",51.796235390109,-0.36176765199289
"AL52NT",51.79573674826,-0.35889954816681
"AL52NU",51.794796524494,-0.35983287870755
"AL52NW",51.79688162296,-0.35974270730009
"AL52NX",51.7948632984,-0.3613967930667
"AL52NY",51.794111497496,-0.36036533707502
"AL52NZ",51.792879591735,-0.3610191271235
"AL52PA",51.792398357151,-0.36068851986042
"AL52PB",51.792565234624,-0.35782549731263
"AL52PD",51.793145146527,-0.35813798859678
"AL52PE",51.79431230436,-0.35542704909825
"AL52PF",51.793262221301,-0.35621939074771
"AL52PG",51.794014183003,-0.35790338190965
"AL52PH",51.795941819556,-0.35748526506802
"AL52PJ",51.795911890032,-0.3566306481868
"AL52PL",51.791940359667,-0.36202482794395
"AL52PP",51.796991221475,-0.36179827032023
"AL52PQ",51.794636202066,-0.35801131154617
"AL52PR",51.799770729865,-0.35991343565342
"AL52PS",51.817774816198,-0.36058013889516
"AL52PT",51.817388777505,-0.35869329503802
"AL52PW",51.818122438667,-0.36100283756593
"AL52PX",51.81834230167,-0.35742523383171
"AL52PY",51.818357208455,-0.35913695125413
"AL52PZ",51.819623086296,-0.36091935137181
"AL52QA",51.818932304761,-0.36168447698784
"AL52QB",51.819497138124,-0.36027092609014
"AL52QD",51.818867923862,-0.35900230807189
"AL52QE",51.818600529603,-0.36046309944542
"AL52QF",51.817010310574,-0.36121732057262
"AL52QG",51.816934856411,-0.36032042526856
"AL52QH",51.815936514271,-0.35902175942908
"AL52QJ",51.805241575765,-0.35434746363322
"AL52QL",51.816430062809,-0.35894578678992
"AL52QN",51.815857065007,-0.36041759345152
"AL52QP",51.81667441269,-0.36163579240551
"AL52QQ",51.815297853555,-0.35965437050462
"AL52QR",51.81778129454,-0.36233567230184
"AL52QS",51.8178593579,-0.36342112956032
"AL52QT",51.816785608205,-0.36251687858833
"AL52QU",51.81511377067,-0.36128613443229
"AL52QW",51.816025668474,-0.3583220437879
"AL52QX",51.815487547318,-0.36164982637911
"AL52QY",51.815523299929,-0.36292538809131
"AL52QZ",51.816624522288,-0.36321920429911
"AL52RA",51.815366960812,-0.36332281679512
"AL52RB",51.815941003971,-0.36321495544601
"AL52RD",51.816948288948,-0.36451338965193
"AL52RE",51.816391338956,-0.36714536342847
"AL52RF",51.816183925575,-0.36645638399954
"AL52RG",51.81702709594,-0.36694825520923
"AL52RH",51.817841916002,-0.37188137907924
"AL52RJ",51.820128656868,-0.36106062458788
"AL52RN",51.817450939897,-0.36379868906788
"AL52RQ",51.817155419949,-0.36971507694148
"AL52RS",51.814287382288,-0.35298773908661
"AL52RT",51.814522093944,-0.35305172760708
"AL52RU",51.815502376637,-0.35369794099691
"AL52RW",51.816028714878,-0.37017653450038
"AL52RY",51.815011931077,-0.35335307754026
"AL52SD",51.816302019137,-0.35493116476324
"AL52SG",51.816652157466,-0.3548893908479
"AL52SH",51.816672974718,-0.35509177451115
"AL52SJ",51.816826384686,-0.35512971768082
"AL52SL",51.817510041913,-0.35578680716882
"AL52SN",51.817136653228,-0.35545215404728
"AL52SP",51.817348591081,-0.35646016134961
"AL52SU",51.815559438284,-0.35520487839339
"AL52SX",51.815258766137,-0.35492563424845
"AL52TA",51.814886389779,-0.35466351542453
"AL52TB",51.814512997986,-0.35432889061281
"AL52TD",51.814584904482,-0.35432627067775
"AL52TE",51.814559157382,-0.35441426554638
"AL52TF",51.814559157382,-0.35441426554638
"AL52TG",51.814249375615,-0.35541218833879
"AL52TH",51.81407648407,-0.35398206224743
"AL52TJ",51.815213559552,-0.35555119659257
"AL52TL",51.815260389329,-0.35504165260662
"AL52TN",51.81553429912,-0.35533638184305
"AL52TP",51.816133273684,-0.35701223597918
"AL52TQ",51.814440076582,-0.35425900040261
"AL52TR",51.813891896797,-0.35300216015735
"AL52TW",51.815593233546,-0.35633541132905
"AL52UA",51.81935398119,-0.35838969499295
"AL52UB",51.82036010478,-0.35960109299194
"AL52UD",51.819724446102,-0.35915982796823
"AL52UE",51.821707477337,-0.361424161767
"AL52UF",51.822056815854,-0.36261596920729
"AL52UG",51.820105715033,-0.36006018216323
"AL52UH",51.819997090141,-0.35807609247063
"AL52UJ",51.820337960343,-0.35865866226962
"AL52UL",51.820628623385,-0.35886576852687
"AL52UN",51.82089867794,-0.35888497691
"AL52UP",51.821513443235,-0.35976235892552
"AL52UQ",51.818967634107,-0.3571267824628
"AL52UR",51.822205568071,-0.36102877748341
"AL52UT",51.822712659771,-0.36192463173754
"AL52UW",51.820888392469,-0.35943678720892
"AL52WZ",51.814290524727,-0.35192843993342
"AL52YH",51.814290524727,-0.35192843993342
"AL52ZD",51.814290524727,-0.35192843993342
"AL53AB",51.820191077072,-0.36943135169114
"AL53AD",51.819390368239,-0.3700552135388
"AL53AE",51.81993851544,-0.37067391998189
"AL53AF",51.823010837807,-0.37173854409947
"AL53AG",51.82312276174,-0.37267779993157
"AL53AH",51.821549323989,-0.36751029892118
"AL53AJ",51.821082470799,-0.36886223766295
"AL53AL",51.822922655781,-0.37056624223833
"AL53AN",51.824228061094,-0.36937264214951
"AL53AP",51.822723646789,-0.36983330877065
"AL53AQ",51.821479599761,-0.37156157252659
"AL53AR",51.82242680384,-0.36594030644998
"AL53AS",51.822264324602,-0.36524961420283
"AL53AT",51.821715631971,-0.3652404549515
"AL53AU",51.824252438847,-0.37178084487426
"AL53AW",51.823301656017,-0.36936256127747
"AL53AY",51.820844083745,-0.37242615456532
"AL53AZ",51.821969025899,-0.36988957546931
"AL53BA",51.822907673008,-0.363659012642
"AL53BB",51.823453925995,-0.36478568832402
"AL53BD",51.825226086229,-0.37325507021024
"AL53BE",51.823035752207,-0.36705021807969
"AL53BG",51.82257746977,-0.36642826268437
"AL53BH",51.823178883393,-0.36634845569087
"AL53BJ",51.824311695733,-0.36697504732246
"AL53BL",51.823695511694,-0.36405132015975
"AL53BN",51.823837974927,-0.36588923642999
"AL53BP",51.824774114504,-0.37113798554227
"AL53BQ",51.823331104131,-0.36824405411033
"AL53BS",51.824164330047,-0.37451237523193
"AL53BT",51.823817958482,-0.37417654703692
"AL53BU",51.824071502944,-0.3756041532934
"AL53BW",51.824548085476,-0.36780823121736
"AL53BX",51.824695446956,-0.37455130512602
"AL53BY",51.825058355707,-0.37413188165666
"AL53BZ",51.825221809464,-0.36969957382885
"AL53DD",51.825519099811,-0.36844072452472
"AL53DE",51.826412032093,-0.36927925061316
"AL53DP",51.81997521575,-0.37007763768543
"AL53DR",51.830577776165,-0.38441261259677
"AL53DS",51.824806268763,-0.38128121503619
"AL53EB",51.824702263325,-0.37504449107085
"AL53ED",51.824829982112,-0.3771297269531
"AL53EE",51.825311351289,-0.37682216704448
"AL53EF",51.825950394984,-0.38077577658466
"AL53EG",51.825412073605,-0.37890840493196
"AL53EH",51.825222133752,-0.38078738166177
"AL53EJ",51.824614516352,-0.3804173307276
"AL53EL",51.824345060031,-0.37978844339718
"AL53EN",51.823750573442,-0.37711047395842
"AL53EP",51.823135978409,-0.37753890466334
"AL53EQ",51.825345571582,-0.37995572042171
"AL53ER",51.823019486871,-0.37626602197486
"AL53ES",51.822507291905,-0.37499287423083
"AL53ET",51.822065786779,-0.37363013808864
"AL53EU",51.822956640117,-0.37367061161173
"AL53EW",51.823748206296,-0.37824252427156
"AL53EX",51.823470683186,-0.37572735422613
"AL53EY",51.824341825232,-0.37759716232307
"AL53EZ",51.826794674463,-0.37808955316064
"AL53HA",51.82799973372,-0.37874291970969
"AL53HB",51.827848341333,-0.3821155322119
"AL53HD",51.827964197499,-0.38138569409058
"AL53HE",51.828592376033,-0.38259685508689
"AL53HF",51.828609965659,-0.38060781628093
"AL53HG",51.828388234911,-0.37887410640204
"AL53HH",51.825283301082,-0.37479137346308
"AL53HJ",51.82620435658,-0.37571608747497
"AL53HN",51.827102502525,-0.37954435300177
"AL53HP",51.827343384982,-0.38267062836965
"AL53HQ",51.827026507547,-0.37599129063357
"AL53HR",51.82672719055,-0.38167676974623
"AL53HS",51.827264900313,-0.38088827966116
"AL53HT",51.827884499403,-0.38016940075293
"AL53HW",51.827196185221,-0.38177606612604
"AL53LA",51.827196004594,-0.37134087666069
"AL53LE",51.826768228367,-0.37227064985018
"AL53LF",51.826733278842,-0.37234447662705
"AL53LG",51.826001204446,-0.37208060665542
"AL53LH",51.826001333711,-0.37403987144646
"AL53LJ",51.825613629751,-0.37396675597898
"AL53LL",51.8255686046,-0.37266221046785
"AL53LN",51.82789930733,-0.37147515551579
"AL53LP",51.828418275539,-0.37518650275069
"AL53LQ",51.82708431396,-0.37366705887149
"AL53LR",51.828843163744,-0.37599850926802
"AL53LS",51.827599159838,-0.37578201407396
"AL53LT",51.827707320777,-0.37384780695165
"AL53LU",51.827425985979,-0.37236304333297
"AL53LW",51.828759600098,-0.3745065743526
"AL53LX",51.828966664945,-0.37777929511454
"AL53LY",51.82897042832,-0.37674866199072
"AL53LZ",51.829594231549,-0.37698748790549
"AL53NA",51.829706740325,-0.37927670072362
"AL53NB",51.830071481124,-0.38094727645062
"AL53ND",51.829724927699,-0.38059684841214
"AL53NE",51.829143471432,-0.3821271734028
"AL53NF",51.831065598285,-0.381303518229
"AL53NG",51.831518013925,-0.38150501781963
"AL53NH",51.828315853786,-0.37623518599863
"AL53NJ",51.834585534663,-0.39403832104405
"AL53NL",51.826896776399,-0.37116299700739
"AL53NN",51.826464877249,-0.37049645583342
"AL53NP",51.827908770272,-0.36632244089491
"AL53NR",51.831482745401,-0.36336269358641
"AL53NS",51.832777640084,-0.37502958400039
"AL53NT",51.830742391657,-0.38330361042589
"AL53NU",51.829870856732,-0.38532328661231
"AL53NX",51.828467267583,-0.38527189158933
"AL53NY",51.828083813858,-0.38354395580932
"AL53NZ",51.829044378363,-0.38342247688651
"AL53PA",51.829449419868,-0.38475779273519
"AL53PB",51.830393451073,-0.38277907076899
"AL53PD",51.830436131573,-0.38523049472154
"AL53PE",51.830503457604,-0.38882769016719
"AL53PF",51.82948518465,-0.39327634877203
"AL53PG",51.822702835564,-0.38658095171199
"AL53PH",51.829685039696,-0.39408203394874
"AL53PJ",51.830020032743,-0.39556509614016
"AL53PL",51.829907758471,-0.39722371948391
"AL53PN",51.830395218105,-0.39801922293518
"AL53PP",51.830995374096,-0.39850593787779
"AL53PQ",51.829407510295,-0.39483212920667
"AL53PR",51.828421566475,-0.40167417784933
"AL53PS",51.829025373413,-0.40176891243124
"AL53PT",51.827172780464,-0.40573860924254
"AL53PU",51.830811691206,-0.40484082271597
"AL53PW",51.831490610207,-0.39657241005601
"AL53PX",51.830994759676,-0.40972579251719
"AL53PY",51.832930595885,-0.41523145465406
"AL53PZ",51.834318160954,-0.40943451239796
"AL53QB",51.833978549437,-0.39173741569477
"AL53QD",51.8310324352,-0.38216107534161
"AL53QE",51.831901683246,-0.38390074920974
"AL53QF",51.833712158509,-0.38345852130703
"AL53RA",51.825227576026,-0.36752243573749
"AL53ZX",51.814290524727,-0.35192843993342
"AL54AA",51.814290524727,-0.35192843993342
"AL54AB",51.821539155705,-0.35838281381122
"AL54AD",51.821779331054,-0.35883845903751
"AL54AE",51.82180875241,-0.35708146377192
"AL54AF",51.82228533565,-0.35707863555386
"AL54AG",51.822337090961,-0.35820868495829
"AL54AH",51.823561364671,-0.35958637932299
"AL54AJ",51.822014563708,-0.35958452561914
"AL54AL",51.822968362996,-0.3609140168856
"AL54AN",51.823342839712,-0.36068273898226
"AL54AP",51.822654266393,-0.36031591243338
"AL54AQ",51.823588615061,-0.35896135804674
"AL54AR",51.822671199166,-0.35895116399107
"AL54AS",51.823282227558,-0.35698431404413
"AL54AT",51.822823284495,-0.35631894447998
"AL54AU",51.823624926641,-0.35769746230408
"AL54AW",51.822587820184,-0.36071015013885
"AL54AX",51.823868969387,-0.35649856500203
"AL54AY",51.82339109512,-0.35512277859145
"AL54BA",51.822888012107,-0.35451708338916
"AL54BB",51.821794889618,-0.3548036181119
"AL54BD",51.822118002178,-0.35540134496989
"AL54BE",51.820834764513,-0.3549546904073
"AL54BG",51.821634256522,-0.35553505730312
"AL54BH",51.822984373297,-0.35883819691042
"AL54BJ",51.823210172816,-0.35826401271358
"AL54BP",51.827660119523,-0.35879885008629
"AL54BQ",51.82100243849,-0.35729944970942
"AL54BS",51.824449630604,-0.3620212541722
"AL54BT",51.82428117184,-0.36154845054576
"AL54BU",51.824994264742,-0.36044862576653
"AL54BW",51.823490300255,-0.36352179963427
"AL54BX",51.825803077075,-0.35654426518628
"AL54BZ",51.828418736872,-0.36225460852921
"AL54DB",51.824959846146,-0.36249617927143
"AL54DD",51.825129310857,-0.36304152117977
"AL54DE",51.824293694027,-0.36373939506398
"AL54DF",51.823885881251,-0.36416052221825
"AL54DG",51.824292537828,-0.35913894994713
"AL54DH",51.823215804742,-0.36318345471118
"AL54DJ",51.823578672361,-0.36276395479328
"AL54DN",51.827577058793,-0.34645075464888
"AL54DQ",51.823870521942,-0.36047491888251
"AL54DU",51.828855428997,-0.36261613120274
"AL54DZ",51.816769063814,-0.35424668494365
"AL54EA",51.81509154256,-0.35133333580238
"AL54EB",51.81495342283,-0.35174464605822
"AL54ED",51.814859383283,-0.35273472797242
"AL54EE",51.814747614128,-0.35310154238437
"AL54EF",51.815060173422,-0.35294504927727
"AL54EG",51.818534440623,-0.35637347253507
"AL54EL",51.81580015259,-0.35184433431699
"AL54EP",51.817393019367,-0.35320822150612
"AL54EQ",51.815705956429,-0.35218149787447
"AL54ES",51.816404399681,-0.35453566418677
"AL54ET",51.817922084631,-0.35567023203187
"AL54EU",51.81915812607,-0.35402902298299
"AL54EW",51.817393372866,-0.35387568577158
"AL54EX",51.818078739257,-0.3559402294109
"AL54EY",51.821921090242,-0.35289797061788
"AL54EZ",51.822446271344,-0.35315454143597
"AL54FB",51.825280562129,-0.35969807148952
"AL54FE",51.822807289386,-0.33918070917471
"AL54FF",51.822852406336,-0.34941011099618
"AL54FG",51.83077168343,-0.34916409777389
"AL54GA",51.825155200838,-0.35330245324374
"AL54GB",51.825199378093,-0.35260422360582
"AL54GJ",51.820942381901,-0.35300622718836
"AL54GZ",51.815386238905,-0.35246884732616
"AL54HA",51.822924479191,-0.35326770951989
"AL54HB",51.823132477894,-0.35270865949079
"AL54HD",51.822695026629,-0.35101219313267
"AL54HE",51.823530769799,-0.35032861570747
"AL54HF",51.824032485408,-0.35019418479915
"AL54HG",51.824766030299,-0.35055922518188
"AL54HH",51.823666491417,-0.35231185489216
"AL54HJ",51.823610027026,-0.35341685569808
"AL54HL",51.823950566574,-0.35333187458272
"AL54HN",51.824840049784,-0.35263184722207
"AL54HP",51.825382237968,-0.35217667612097
"AL54HQ",51.825007252813,-0.35108738726077
"AL54HR",51.825801545187,-0.35322082705558
"AL54HS",51.826617854218,-0.35307494508222
"AL54HT",51.827267448815,-0.35322541070679
"AL54HU",51.815328603619,-0.35284820220073
"AL54HW",51.825518235428,-0.35289736190984
"AL54HX",51.815716116484,-0.35290661897087
"AL54HY",51.820170244596,-0.35695242972337
"AL54JA",51.819733390707,-0.35786801358853
"AL54JB",51.820122192347,-0.35544500854396
"AL54JD",51.819767185108,-0.35513869209064
"AL54JE",51.819247689167,-0.35528821271559
"AL54JF",51.819588233292,-0.35713322736763
"AL54JN",51.826118709559,-0.35146767688838
"AL54JP",51.826773533538,-0.3494264045093
"AL54JR",51.827151417209,-0.35008021070551
"AL54JS",51.826592851313,-0.35129071721885
"AL54JT",51.826433008791,-0.35271885600073
"AL54JU",51.826863313235,-0.35133889398354
"AL54JW",51.826542046295,-0.35023310025127
"AL54JX",51.827748917184,-0.35036316196869
"AL54JY",51.82827314916,-0.34926997905551
"AL54JZ",51.828583026346,-0.3495634416945
"AL54LA",51.829082197412,-0.35117077536899
"AL54LB",51.829485449296,-0.35106896109027
"AL54LD",51.828950089316,-0.35008704349237
"AL54LE",51.829513754497,-0.35244678311401
"AL54LF",51.830074120986,-0.35200541216404
"AL54LG",51.829773301893,-0.35364200183685
"AL54LH",51.830299393177,-0.3526793707211
"AL54LJ",51.829929332672,-0.35129949201831
"AL54LL",51.830780085574,-0.35232799118041
"AL54LN",51.829945922079,-0.35055865104593
"AL54LP",51.829660193177,-0.3494224597
"AL54LQ",51.829275086928,-0.35338440204868
"AL54LR",51.829356221025,-0.3495496878092
"AL54LS",51.828328554595,-0.34809232746614
"AL54LT",51.828776948745,-0.34800334958322
"AL54LU",51.82913831332,-0.34812075303915
"AL54LW",51.830333842104,-0.35064607842336
"AL54LX",51.830053870393,-0.34863879924894
"AL54LY",51.830635201752,-0.34969161599039
"AL54LZ",51.828834380698,-0.34697074951704
"AL54NA",51.829654365583,-0.34644723620076
"AL54NB",51.828681798222,-0.34635223401449
"AL54ND",51.829740766993,-0.34683595890537
"AL54NF",51.82887873391,-0.34564834432053
"AL54NG",51.828585195102,-0.34459958043689
"AL54NH",51.827700466569,-0.34435626167408
"AL54NL",51.821526658044,-0.33892306507512
"AL54NQ",51.827475348746,-0.34497408993644
"AL54NS",51.824551190415,-0.34934800857954
"AL54NT",51.825361967579,-0.3494489833267
"AL54NX",51.826167246752,-0.34915830593109
"AL54NY",51.825894340065,-0.34893607490004
"AL54NZ",51.827322660079,-0.34882578522126
"AL54PA",51.82722213258,-0.34935194936392
"AL54PB",51.826614688621,-0.34708104969572
"AL54PD",51.826839420946,-0.34579564066011
"AL54PE",51.827323741595,-0.34698252160836
"AL54PF",51.825883407491,-0.34495988154277
"AL54PG",51.825481352054,-0.34706448982196
"AL54PH",51.824657490119,-0.34731234197995
"AL54PJ",51.824468344927,-0.34665168312295
"AL54PL",51.82434621569,-0.34436316102788
"AL54PN",51.82524973263,-0.34530239432181
"AL54PP",51.824406477444,-0.34353373058061
"AL54PQ",51.825703186701,-0.34749175992191
"AL54PR",51.823189576084,-0.34205458726183
"AL54PT",51.825913034925,-0.35090917529989
"AL54PW",51.825194787324,-0.34459327613865
"AL54QA",51.818423999985,-0.35041359249997
"AL54QB",51.81907369155,-0.34864855030488
"AL54QD",51.819084688243,-0.34943173809975
"AL54QE",51.820367416008,-0.34791920792703
"AL54QF",51.820002637713,-0.34500128596984
"AL54QG",51.819870472985,-0.34327929861903
"AL54QH",51.824020788939,-0.34232882852479
"AL54QJ",51.82188054055,-0.3468044846294
"AL54QL",51.823251813697,-0.34839416419178
"AL54QN",51.823595632017,-0.34790267939735
"AL54QP",51.822197001955,-0.34436940591821
"AL54QQ",51.820613839451,-0.34497888557447
"AL54QR",51.821878514208,-0.34602092016262
"AL54QS",51.821602755946,-0.34431863545958
"AL54QT",51.821556793437,-0.34360924607634
"AL54QU",51.822283194968,-0.34218945119113
"AL54QW",51.823114598364,-0.34630942319117
"AL54QX",51.822170005212,-0.34117777185864
"AL54QY",51.823125418646,-0.34133133123179
"AL54QZ",51.822085409407,-0.34028114161995
"AL54RA",51.821452976193,-0.34071071479913
"AL54RB",51.821394748169,-0.34040810913643
"AL54RD",51.820927810085,-0.34236981515936
"AL54RE",51.81928766687,-0.34340225670904
"AL54RF",51.820205657314,-0.34090166021729
"AL54RG",51.820352961282,-0.34178144027511
"AL54RH",51.819914739744,-0.34004167614792
"AL54RL",51.819196518234,-0.34076460341774
"AL54RN",51.817349434983,-0.35138150527754
"AL54RP",51.821648036169,-0.33987637655344
"AL54RQ",51.820875638853,-0.33930980081053
"AL54RR",51.820163287515,-0.33853787709989
"AL54RU",51.822422662596,-0.33996399300167
"AL54RW",51.821829210992,-0.33933277821082
"AL54SA",51.814049826322,-0.35272072472801
"AL54SB",51.816316454026,-0.35339257625236
"AL54SD",51.814301498868,-0.35271154610156
"AL54SE",51.814643914158,-0.3521186781749
"AL54SJ",51.814027873025,-0.35115452160749
"AL54SL",51.813932295059,-0.35075175124101
"AL54SP",51.814512058609,-0.35041137362333
"AL54SQ",51.814273970991,-0.35203060955943
"AL54SS",51.814564730312,-0.35096080975687
"AL54ST",51.815052945689,-0.35114611955608
"AL54SU",51.815965720299,-0.35018416169595
"AL54SW",51.814452560004,-0.35129862200584
"AL54SX",51.816161188742,-0.3506558508124
"AL54SY",51.816625287236,-0.3510451859402
"AL54TA",51.818581237876,-0.3513655591418
"AL54TB",51.819057778346,-0.352001153208
"AL54TD",51.821576329799,-0.35203984303945
"AL54TE",51.816746887554,-0.35009758513932
"AL54TF",51.816288924386,-0.3495048941584
"AL54TG",51.817205290296,-0.35008083859194
"AL54TH",51.817580794452,-0.3492835564454
"AL54TJ",51.816991465268,-0.34894234038381
"AL54TL",51.816552261183,-0.34904545718385
"AL54TN",51.816850327069,-0.34849768366048
"AL54TP",51.818868636811,-0.34749517999099
"AL54TQ",51.817740924067,-0.34980008120951
"AL54TR",51.819003919904,-0.3449653324943
"AL54TS",51.818675844871,-0.34529659345558
"AL54TT",51.818779218331,-0.34369661402589
"AL54TU",51.818222145126,-0.3450084934347
"AL54TW",51.817582069119,-0.34809365361817
"AL54TX",51.818242753869,-0.346473314787
"AL54TY",51.817706734489,-0.34608664677375
"AL54TZ",51.817295503075,-0.34689977616788
"AL54UB",51.816410892098,-0.34922474567975
"AL54UE",51.816972496052,-0.34823203179449
"AL54UH",51.82814948831,-0.35071137063574
"AL54UJ",51.821180771559,-0.33799253359711
"AL54UL",51.821899860465,-0.33860458758936
"AL54UN",51.826195542484,-0.34285853567568
"AL54UP",51.814290524727,-0.35192843993342
"AL54UR",51.827233281972,-0.34374931199784
"AL54US",51.824566795159,-0.34087202507497
"AL54UT",51.825970632001,-0.34285227776087
"AL54UU",51.823646700567,-0.34003509021445
"AL54UW",51.825732694454,-0.35023364860476
"AL54UX",51.822149124612,-0.33969832267059
"AL54UZ",51.817079582799,-0.35137684567614
"AL54XA",51.81644055755,-0.34813540575466
"AL54XB",51.81675211135,-0.34726791014593
"AL54XD",51.817097775981,-0.34626856087002
"AL54XE",51.817624830069,-0.34537863369659
"AL54XF",51.818188649014,-0.34390691199638
"AL54XG",51.816380549895,-0.34642541366627
"AL54XH",51.815602061514,-0.34542371910957
"AL54XS",51.822883314959,-0.34010669115798
"AL54XT",51.823586872726,-0.34089352051962
"AL54ZJ",51.814290524727,-0.35192843993342
"AL54ZR",51.814290524727,-0.35192843993342
"AL55AA",51.820317010112,-0.33668928103615
"AL55AB",51.820078391779,-0.33634979980213
"AL55AD",51.81988482636,-0.33474618715793
"AL55AE",51.818900628316,-0.33256231315357
"AL55AF",51.820954875001,-0.33283473644706
"AL55AH",51.823234077645,-0.33629157995124
"AL55AJ",51.82344026807,-0.3375175319006
"AL55AL",51.824319179795,-0.33989426574338
"AL55AN",51.824547343922,-0.33949403374515
"AL55AP",51.824707230991,-0.33808041681684
"AL55AQ",51.821922274657,-0.33446788335188
"AL55AR",51.824336796201,-0.33668632649922
"AL55AS",51.82344482344,-0.3352969749625
"AL55AT",51.822842923345,-0.33407112032386
"AL55AU",51.82241703711,-0.33447865779518
"AL55AW",51.825006097353,-0.3382290571565
"AL55AX",51.822817859428,-0.33484118898595
"AL55AY",51.823969715495,-0.33680143688664
"AL55AZ",51.825013990006,-0.33687907157799
"AL55BA",51.825869343392,-0.33758773266125
"AL55BB",51.826085639268,-0.33698472733548
"AL55BD",51.825449445683,-0.33587614756599
"AL55BE",51.825166133421,-0.33619136089174
"AL55BG",51.825201532126,-0.3342453258362
"AL55BH",51.826382574315,-0.33318581977153
"AL55BJ",51.826656273047,-0.33282739362899
"AL55BL",51.825050409328,-0.33246581845859
"AL55BN",51.824559555124,-0.33273066331596
"AL55BP",51.82405703863,-0.33280726969937
"AL55BQ",51.825736561909,-0.33455938698851
"AL55BS",51.823815649609,-0.33354180648043
"AL55BT",51.823281110755,-0.33199420642272
"AL55BU",51.822330275768,-0.33279846668794
"AL55BW",51.824833988806,-0.33369288680966
"AL55BX",51.824135933583,-0.33965428970954
"AL55BZ",51.821041993586,-0.33390537698478
"AL55DN",51.824370879496,-0.33147502970032
"AL55DP",51.829746081765,-0.33002812301422
"AL55DR",51.826488100316,-0.3222678910303
"AL55DS",51.828699302224,-0.31967478102383
"AL55DU",51.836154055142,-0.31901981241053
"AL55DW",51.828369935032,-0.33064507368541
"AL55DX",51.83651984129,-0.32511766751723
"AL55DY",51.837714841817,-0.32378130808368
"AL55DZ",51.837887304099,-0.32958170641686
"AL55EA",51.841466681161,-0.32201590344797
"AL55EB",51.84155886241,-0.33419323644729
"AL55ED",51.845140048277,-0.34133519724608
"AL55EE",51.836540972619,-0.34120123821208
"AL55EF",51.835192926344,-0.34062659088238
"AL55EG",51.830596924828,-0.34504833410816
"AL55EJ",51.82805325238,-0.34322575972023
"AL55EP",51.828578453383,-0.34348225077265
"AL55EQ",51.825792484038,-0.34169776917711
"AL55ES",51.821089139885,-0.33342475481576
"AL55EW",51.815546234934,-0.34784889937228
"AL55EZ",51.82757256392,-0.34166141085345
"AL55FB",51.84338705891,-0.33565021131803
"AL55HA",51.825746077458,-0.34032073110658
"AL55HB",51.825768513883,-0.33936204245791
"AL55HD",51.825481478389,-0.33877756710173
"AL55HE",51.826724864679,-0.33767233780242
"AL55HF",51.826458053645,-0.33724676237165
"AL55HH",51.828105800774,-0.33484934436378
"AL55HJ",51.827435484198,-0.33387262759607
"AL55HL",51.827052175638,-0.3353816652747
"AL55HN",51.826403880491,-0.33659565911027
"AL55HP",51.827909528129,-0.33877530515492
"AL55HQ",51.827432394241,-0.33619492282125
"AL55HR",51.827543817767,-0.33771475121334
"AL55HS",51.828425366275,-0.33964167391518
"AL55HT",51.829065783193,-0.33977777521662
"AL55HU",51.828473196165,-0.34048172436682
"AL55HW",51.826700830936,-0.33915358864754
"AL55HX",51.829056202544,-0.34037320754625
"AL55HY",51.828883602731,-0.34088754604322
"AL55HZ",51.828674229244,-0.34134517555317
"AL55JA",51.827632208112,-0.3414270009653
"AL55JB",51.827736775576,-0.34055233611153
"AL55JD",51.826656754967,-0.34049044056443
"AL55JE",51.826265347359,-0.34015650975762
"AL55JF",51.826864948058,-0.34186156451976
"AL55JG",51.827967648724,-0.34225647727611
"AL55JH",51.814569623414,-0.34618701417918
"AL55JJ",51.828520215221,-0.34190236514152
"AL55JP",51.811110390068,-0.34320887260447
"AL55JQ",51.824977163692,-0.34000068805107
"AL55LA",51.815313150946,-0.347900954701
"AL55LB",51.815428491444,-0.34971045438023
"AL55LD",51.815158465944,-0.34905287625262
"AL55LE",51.814924797379,-0.34842299560763
"AL55LF",51.814725017967,-0.34828520557647
"AL55LG",51.814405130649,-0.34791965858234
"AL55LH",51.813664830951,-0.34771458903829
"AL55LL",51.813180706695,-0.34718095523756
"AL55LN",51.81276581871,-0.34709457428147
"AL55LP",51.812389958938,-0.34658601208167
"AL55LQ",51.813875636957,-0.34799706261752
"AL55LR",51.812074128671,-0.34714890226055
"AL55LS",51.81160799253,-0.34597625933783
"AL55LT",51.811397803181,-0.3450989396156
"AL55LU",51.811985714741,-0.34533855645537
"AL55LW",51.814310512325,-0.34886622984812
"AL55LX",51.812848986857,-0.34597434369701
"AL55LY",51.813012611803,-0.34609893283471
"AL55LZ",51.81357579998,-0.34649907664223
"AL55NA",51.813850750216,-0.34686625173835
"AL55NB",51.814221528297,-0.34637387217646
"AL55ND",51.81496755519,-0.34634655874365
"AL55NE",51.814522642134,-0.34604363979686
"AL55NF",51.815796907641,-0.3471287460219
"AL55NG",51.815866994534,-0.34635715670332
"AL55NH",51.814696703208,-0.34499258041728
"AL55NJ",51.814218895979,-0.34490852255386
"AL55NL",51.813971111265,-0.34391646126883
"AL55NN",51.813290654398,-0.34476842684541
"AL55NP",51.813721683154,-0.34280839732514
"AL55NQ",51.815344266834,-0.3449978712127
"AL55NR",51.812906612622,-0.34304142634504
"AL55NS",51.811929544135,-0.34262749957692
"AL55NT",51.81186622266,-0.34387756374133
"AL55NU",51.810791906514,-0.34549835150901
"AL55NW",51.812866776568,-0.34468239729357
"AL55NX",51.812294581164,-0.34555938222482
"AL55NY",51.814752052849,-0.34573053871932
"AL55NZ",51.813408267557,-0.34737575575923
"AL55PA",51.815970058843,-0.3492118384339
"AL55PD",51.812601583139,-0.34692647802419
"AL55PE",51.812601583139,-0.34692647802419
"AL55PJ",51.815901748274,-0.34435351699492
"AL55PL",51.814519995266,-0.3420246146934
"AL55PN",51.816205102805,-0.34418278643738
"AL55PP",51.816308461893,-0.34258289246512
"AL55PR",51.815753981316,-0.33961420766984
"AL55PS",51.816660605098,-0.34077070988021
"AL55PT",51.816832796515,-0.34022750584627
"AL55PU",51.815201807078,-0.3393588226739
"AL55PW",51.816537045167,-0.3422117509834
"AL55PX",51.813577021478,-0.34084045819602
"AL55QH",51.819907927834,-0.33828607062823
"AL55QJ",51.81421637711,-0.33962720370847
"AL55QL",51.818530596682,-0.34200797395775
"AL55QN",51.818184144673,-0.34231090622176
"AL55QP",51.818647493038,-0.33754886675963
"AL55QR",51.818287963843,-0.33756210176476
"AL55QS",51.819116812169,-0.33957763407348
"AL55QT",51.818930697494,-0.33913463948467
"AL55QU",51.819206368064,-0.337005897464
"AL55QW",51.818023543631,-0.34048846612605
"AL55QX",51.819554471277,-0.33427950295991
"AL55QY",51.818881226995,-0.33500085822829
"AL55QZ",51.819021235186,-0.33345753769688
"AL55RA",51.818650770448,-0.33460305225663
"AL55RB",51.817720103825,-0.33492758237927
"AL55RD",51.817791894376,-0.33618735179139
"AL55RE",51.817273157234,-0.33511818515615
"AL55RF",51.817320401908,-0.33591451443281
"AL55RG",51.816700009153,-0.3359228633768
"AL55RH",51.817280666815,-0.3375556498619
"AL55RJ",51.817378779149,-0.33877091144584
"AL55RL",51.81695428289,-0.3386414232117
"AL55RN",51.817161243707,-0.3392867744627
"AL55RP",51.815686058521,-0.33735316808245
"AL55RQ",51.816331399706,-0.33783726286332
"AL55RR",51.814654093444,-0.33496806625635
"AL55RS",51.815545248143,-0.33629913572749
"AL55RT",51.815913149876,-0.3362420537727
"AL55RU",51.815442845141,-0.33541781146803
"AL55RW",51.816286219237,-0.33718597362625
"AL55RX",51.81534163447,-0.3371627108009
"AL55RY",51.814988798724,-0.33637767128642
"AL55RZ",51.814583260159,-0.33568164302782
"AL55SA",51.814808692546,-0.33445453192844
"AL55SD",51.812982899585,-0.33507319762521
"AL55SE",51.813754203201,-0.33746780885624
"AL55SF",51.813653775045,-0.33291561573092
"AL55SG",51.813188649416,-0.33309238218866
"AL55SH",51.813485829563,-0.33502564117894
"AL55SJ",51.813686284719,-0.33584527718817
"AL55SL",51.813882835968,-0.33638938793259
"AL55SN",51.814249340667,-0.33686920807706
"AL55SQ",51.814221837216,-0.33492596333923
"AL55SR",51.814311356472,-0.33934803348336
"AL55SS",51.813321947602,-0.33742568263764
"AL55ST",51.813045217839,-0.3388432416507
"AL55SU",51.81289817631,-0.33989329386811
"AL55SW",51.815740431224,-0.33801862043824
"AL55SX",51.811441970345,-0.33739331782033
"AL55SY",51.811708709318,-0.33654200273502
"AL55SZ",51.810739743343,-0.33543153148284
"AL55TA",51.809673644973,-0.34719320867606
"AL55TB",51.80928409079,-0.34698984442945
"AL55TE",51.810563108083,-0.34585492800674
"AL55TF",51.809810563742,-0.34414152976226
"AL55TG",51.809518238921,-0.34445690976999
"AL55TH",51.808900263576,-0.34080911787871
"AL55TJ",51.809706341787,-0.34057640116305
"AL55TL",51.80951165253,-0.34016282472036
"AL55TN",51.809071432701,-0.34019350697659
"AL55TP",51.809315300103,-0.33899490724888
"AL55TQ",51.809533341813,-0.34169986190437
"AL55TR",51.808870803466,-0.33935943411892
"AL55TS",51.810213350549,-0.34018056637726
"AL55TT",51.810300425368,-0.34380439535732
"AL55TU",51.810655870502,-0.34350119910972
"AL55TW",51.809002372949,-0.33976081330847
"AL55TX",51.810591103471,-0.34209627817876
"AL55TY",51.810502182571,-0.33961864283264
"AL55TZ",51.810687573288,-0.33746460852757
"AL55UA",51.811207339019,-0.33924452189944
"AL55UB",51.811687402865,-0.33948802624936
"AL55UD",51.811526291659,-0.34209097189573
"AL55UE",51.811268485239,-0.34166518119211
"AL55UG",51.811249058974,-0.34667129737309
"AL55UH",51.810924718843,-0.33706415592367
"AL55UN",51.815944957573,-0.33087220356626
"AL59AY",51.814290524727,-0.35192843993342
"AL59BB",51.814290524727,-0.35192843993342
"AL59BS",51.814290524727,-0.35192843993342
"AL59DL",51.814290524727,-0.35192843993342
"AL59DU",51.814290524727,-0.35192843993342
"AL59ED",51.814290524727,-0.35192843993342
"AL59EL",51.814290524727,-0.35192843993342
"AL59ER",51.814290524727,-0.35192843993342
"AL59EW",51.814290524727,-0.35192843993342
"AL59EY",51.814290524727,-0.35192843993342
"AL59EZ",51.814290524727,-0.35192843993342
"AL59FA",51.814290524727,-0.35192843993342
"AL59FE",51.814290524727,-0.35192843993342
"AL59FP",51.814290524727,-0.35192843993342
"AL59FQ",51.814290524727,-0.35192843993342
"AL59FU",51.814290524727,-0.35192843993342
"AL59FW",51.814290524727,-0.35192843993342
"AL59FX",51.814290524727,-0.35192843993342
"AL59FY",51.814290524727,-0.35192843993342
"AL59FZ",51.814290524727,-0.35192843993342
"AL59GN",51.814290524727,-0.35192843993342
"AL59GQ",51.814290524727,-0.35192843993342
"AL59GR",51.814290524727,-0.35192843993342
"AL59GT",51.814290524727,-0.35192843993342
"AL59GU",51.747348571859,-0.30026826935383
"AL59GW",51.747348571859,-0.30026826935383
"AL59GX",51.747348571859,-0.30026826935383
"AL59GY",51.747348571859,-0.30026826935383
"AL60AA",51.815005900399,-0.17739341475061
"AL60AB",51.815754308763,-0.175781603431
"AL60AD",51.819480478373,-0.18935881629898
"AL60AE",51.821384214882,-0.18976137198466
"AL60AG",51.821440033509,-0.18871427236837
"AL60AH",51.823927998507,-0.18559580533447
"AL60AJ",51.824492086225,-0.18310593277481
"AL60AL",51.826737163592,-0.18289946872488
"AL60AN",51.826675648727,-0.18124738676539
"AL60AP",51.828314180874,-0.18427289441982
"AL60AQ",51.824968459775,-0.18658442184569
"AL60AR",51.827778333005,-0.18742947434717
"AL60AS",51.825729088176,-0.18867281864303
"AL60AT",51.824955268532,-0.18864581227828
"AL60AU",51.822645872257,-0.18934798010115
"AL60AW",51.827369625591,-0.18367227493722
"AL60AX",51.822340911182,-0.18998423663848
"AL60AZ",51.82825288165,-0.18729430672645
"AL60BA",51.820026817895,-0.19038173826564
"AL60BB",51.820485121314,-0.19094383775725
"AL60BE",51.826061839756,-0.1857567761767
"AL60BH",51.817312445343,-0.18697893330716
"AL60BJ",51.827928523156,-0.20484029545216
"AL60BL",51.831400649247,-0.19901226973032
"AL60BN",51.854815674415,-0.19296537386631
"AL60BQ",51.825965729956,-0.18477372510077
"AL60BS",51.818923751643,-0.18882971500877
"AL60BU",51.817193058122,-0.18798495819967
"AL60BW",51.815391237583,-0.17730531373955
"AL60BX",51.817922881686,-0.18749132698337
"AL60BY",51.818505135576,-0.18909319214388
"AL60BZ",51.815510100607,-0.17859191410721
"AL60DA",51.819624611133,-0.19054297046585
"AL60DB",51.820595077162,-0.19400139943527
"AL60DD",51.823916509272,-0.19127075899504
"AL60DE",51.822255575194,-0.19672132935347
"AL60DF",51.821546401091,-0.19563222851704
"AL60DG",51.821968834546,-0.19385937978656
"AL60DH",51.823741084705,-0.19448509389362
"AL60DJ",51.823530584864,-0.19424679693032
"AL60DL",51.825611964438,-0.19158017963094
"AL60DN",51.825244078987,-0.19221898285048
"AL60DQ",51.823564815453,-0.19530485075867
"AL60DR",51.823181852267,-0.19262082932063
"AL60DS",51.823315479668,-0.1931234199561
"AL60DT",51.821018382777,-0.19404251603459
"AL60DU",51.822402687091,-0.19400165998783
"AL60DW",51.824172933188,-0.19274079623666
"AL60DX",51.8228481988,-0.19256162333741
"AL60DY",51.823228708452,-0.19157405084364
"AL60DZ",51.821533343344,-0.19244011246592
"AL60EA",51.823902389712,-0.19093753121806
"AL60EB",51.822475057665,-0.1969592724949
"AL60EE",51.821627753528,-0.19390204728559
"AL60EF",51.843011147045,-0.20139455200896
"AL60EG",51.821723614921,-0.1907781211158
"AL60EH",51.828793312848,-0.1815249251093
"AL60EJ",51.828354256382,-0.18221026547592
"AL60EL",51.827435338075,-0.17977990273188
"AL60EN",51.826331230968,-0.17758933144612
"AL60EP",51.829791179199,-0.17801571874033
"AL60EQ",51.845328965207,-0.19478282972698
"AL60ER",51.83208922676,-0.17542630327555
"AL60ES",51.830758971792,-0.17257707675178
"AL60ET",51.832245438593,-0.17158790322632
"AL60EU",51.833062120442,-0.17553213096207
"AL60EW",51.827761119523,-0.17642854144299
"AL60EY",51.833121429396,-0.17066695485446
"AL60EZ",51.833556080544,-0.16912516782395
"AL60FD",51.820286524411,-0.15558695513427
"AL60FE",51.819458036297,-0.18906948952085
"AL60FF",51.819458036297,-0.18906948952085
"AL60FG",51.819458036297,-0.18906948952085
"AL60GD",51.841541656133,-0.19294533473583
"AL60HA",51.833320218214,-0.16726219365512
"AL60HB",51.840036762832,-0.17006721514277
"AL60HD",51.842130748794,-0.1932411510616
"AL60HE",51.831440314269,-0.16550960806325
"AL60HF",51.831320022704,-0.16298885324953
"AL60HG",51.830674509142,-0.16484401286109
"AL60HH",51.829621937533,-0.1636675753382
"AL60HJ",51.829782987885,-0.16016297979197
"AL60HL",51.827016276532,-0.1638171105931
"AL60HN",51.828520770899,-0.16571534330754
"AL60HP",51.82838764564,-0.16294853081945
"AL60HQ",51.830198789167,-0.16259903964647
"AL60HT",51.815788180392,-0.15604636798894
"AL60HU",51.841297213532,-0.19459569792995
"AL60HW",51.830660963515,-0.16628154659192
"AL60HZ",51.815323115625,-0.15506416170038
"AL60JB",51.810539517086,-0.16315218572944
"AL60JD",51.804690265751,-0.15487460440527
"AL60JE",51.802593242543,-0.15362569069499
"AL60JF",51.812091979931,-0.15661802927476
"AL60JG",51.807098994655,-0.15535652299261
"AL60JJ",51.813419160688,-0.15522899267466
"AL60JL",51.812456375361,-0.15519577041548
"AL60JN",51.814072652088,-0.15962774728959
"AL60JP",51.815392700633,-0.16122810487591
"AL60JQ",51.807098994655,-0.15535652299261
"AL60JR",51.814460214687,-0.15566529302315
"AL60JS",51.815819568341,-0.15346226584402
"AL60JT",51.815006151715,-0.15320532405906
"AL60JU",51.814609128799,-0.15426626737839
"AL60JW",51.814586037458,-0.16255232082966
"AL60JX",51.815627659098,-0.15441327335368
"AL60JY",51.815611566979,-0.15167150990588
"AL60JZ",51.816028728096,-0.15132069976082
"AL60LA",51.816236734932,-0.15311147044146
"AL60LB",51.816348584479,-0.15508031056575
"AL60LD",51.816935942393,-0.15411312713107
"AL60LE",51.819064924597,-0.15453399519691
"AL60LF",51.81767164508,-0.15343006787779
"AL60LG",51.818258448748,-0.15414613435331
"AL60LH",51.820622682336,-0.15351255234376
"AL60LJ",51.821682291234,-0.15455762873913
"AL60LL",51.824444651431,-0.15178883771681
"AL60LN",51.828204747562,-0.14556794861874
"AL60LP",51.828904965828,-0.14434899741994
"AL60LQ",51.818969570854,-0.15304323416179
"AL60LR",51.829996810486,-0.14629264011766
"AL60LS",51.817044479034,-0.15529856172393
"AL60LT",51.834728021453,-0.14805801993984
"AL60LU",51.821556470943,-0.1557092248566
"AL60LW",51.829447967226,-0.14570556482019
"AL60LX",51.822117890959,-0.15652800327649
"AL60LY",51.822796626807,-0.16024450664493
"AL60LZ",51.8243054032,-0.16183750113318
"AL60ND",51.804007242733,-0.19428735951427
"AL60NG",51.839788473434,-0.19883720692793
"AL60NH",51.833281082658,-0.16302516231986
"AL60NJ",51.83594903019,-0.15880834242915
"AL60NL",51.835789686295,-0.15610023063562
"AL60NN",51.835196065295,-0.15494865138415
"AL60NP",51.83377833202,-0.15744529813154
"AL60NQ",51.832704493989,-0.16641625788468
"AL60NR",51.832372421172,-0.1584026564883
"AL60NS",51.832080982407,-0.15702106433913
"AL60NU",51.831528124431,-0.1601934525204
"AL60NW",51.833910761539,-0.15671408953096
"AL60NX",51.831376513678,-0.15912550594412
"AL60NY",51.83135392578,-0.15596210961596
"AL60NZ",51.831256200762,-0.15489197801426
"AL60PA",51.82859523472,-0.15839709918855
"AL60PB",51.829151602887,-0.16004356908195
"AL60PD",51.828212468915,-0.16037213214281
"AL60PE",51.833777386024,-0.16659041005284
"AL60PG",51.843312031898,-0.19872558292739
"AL60PH",51.841522496046,-0.193454246884
"AL60PJ",51.840891051365,-0.19860445792329
"AL60PL",51.837818673037,-0.20116599838372
"AL60PN",51.8388009794,-0.20130105108055
"AL60PP",51.842548562463,-0.20231315402922
"AL60PQ",51.843843059178,-0.19816717301092
"AL60PR",51.841442866991,-0.19999071079484
"AL60PS",51.839743373466,-0.19706783053586
"AL60PT",51.840846969588,-0.19748831669715
"AL60PU",51.841111924742,-0.19717284830763
"AL60PW",51.841684753487,-0.20287023455543
"AL60PX",51.8408849627,-0.19586075932576
"AL60PY",51.842880496529,-0.19521473004983
"AL60PZ",51.844467830921,-0.19727105928028
"AL60QA",51.845081429213,-0.19740625596814
"AL60QB",51.84461656457,-0.19231399538091
"AL60QD",51.844670502482,-0.19406868597852
"AL60QE",51.845419506601,-0.19306588500388
"AL60QF",51.845401822496,-0.19250032606926
"AL60QG",51.84300624073,-0.19227688244824
"AL60QH",51.843523588978,-0.19492766200291
"AL60QJ",51.843287613907,-0.19361587493369
"AL60QL",51.842283769873,-0.19793907039951
"AL60QN",51.842274383012,-0.19615365043169
"AL60QP",51.843100745657,-0.19784836404779
"AL60QQ",51.84408118902,-0.19375833264038
"AL60QR",51.840906279341,-0.20018633516157
"AL60QS",51.840679078356,-0.19299439785255
"AL60QT",51.840770871391,-0.19194541267225
"AL60QU",51.839385297059,-0.19131859754193
"AL60QW",51.843013053531,-0.19682102519814
"AL60QX",51.83794043652,-0.1903457822468
"AL60QY",51.843143056355,-0.19591565534004
"AL60QZ",51.839754849067,-0.1896197131827
"AL60RA",51.839209121301,-0.18922059494265
"AL60RB",51.838623196239,-0.18854726710094
"AL60RD",51.840730738167,-0.18875302271489
"AL60RE",51.84090854332,-0.19037192732559
"AL60RF",51.840385414389,-0.18852007722071
"AL60RG",51.842344239073,-0.18841239637505
"AL60RH",51.84145116975,-0.18764974074126
"AL60RJ",51.841647635481,-0.18931147356325
"AL60RL",51.840691258434,-0.18794159027915
"AL60RN",51.838985325155,-0.18636960514033
"AL60RP",51.840704687281,-0.18531326186926
"AL60RQ",51.84160252436,-0.18871802716947
"AL60RR",51.840464454426,-0.18606334629906
"AL60RS",51.840031381798,-0.18364173882283
"AL60RT",51.804007242733,-0.19428735951427
"AL60RU",51.840185330874,-0.18254669092169
"AL60RW",51.839071938142,-0.18440624143497
"AL60RX",51.841289423852,-0.18299584313469
"AL60RY",51.841459715862,-0.18354068548306
"AL60RZ",51.841187323711,-0.18511963116946
"AL60SA",51.841620704927,-0.18581360422426
"AL60SB",51.841816379988,-0.18625581097235
"AL60SD",51.842026843716,-0.18299518394185
"AL60SE",51.841664897178,-0.18226931678524
"AL60SF",51.84196306845,-0.18177819108162
"AL60SG",51.84275836699,-0.18435953272125
"AL60SH",51.84151087087,-0.19094302552029
"AL60SJ",51.839938065436,-0.18516987772089
"AL60SL",51.84008431368,-0.1911599169736
"AL60SN",51.816771769753,-0.19041059967608
"AL60SP",51.818097236616,-0.19005275747706
"AL60SQ",51.841835650128,-0.18984111406822
"AL60SR",51.817580984075,-0.18923182625294
"AL60SS",51.83979848464,-0.20066605710599
"AL60ST",51.820298789238,-0.19930997939403
"AL60SW",51.818004562677,-0.19104321045604
"AL60SX",51.845983768507,-0.18357633042571
"AL60SY",51.832864909711,-0.1663226468493
"AL60SZ",51.847005012053,-0.18215579038869
"AL60TA",51.841713824606,-0.19244481093517
"AL60TB",51.842154399017,-0.19068492539933
"AL60TD",51.842774089623,-0.19063103735993
"AL60TE",51.844484615343,-0.19075118931171
"AL60TF",51.844616357697,-0.18996185719704
"AL60TH",51.845155882781,-0.18937394666719
"AL60TJ",51.845050093927,-0.1889280858314
"AL60TL",51.843840805672,-0.1892379746058
"AL60TN",51.847259265113,-0.18464303433532
"AL60TP",51.84919699523,-0.18375188089599
"AL60TQ",51.84418389402,-0.18932583960085
"AL60TR",51.848399801346,-0.18395822664091
"AL60TS",51.848297617957,-0.18258288122822
"AL60TT",51.846641621413,-0.18424680653688
"AL60TU",51.8456127683,-0.18459313134805
"AL60TW",51.848246093156,-0.18448715648276
"AL60TX",51.846357206905,-0.18329993426918
"AL60TY",51.845077196493,-0.18252386248202
"AL60TZ",51.845244331825,-0.18344638625121
"AL60UA",51.844706898719,-0.18300340302334
"AL60UB",51.844381288583,-0.18404739137957
"AL60UD",51.845237057367,-0.18530519248291
"AL60UE",51.844460409421,-0.18742722284682
"AL60UG",51.84432996227,-0.18596601046391
"AL60UH",51.843020176773,-0.18733989424044
"AL60UJ",51.843426442737,-0.18685896240129
"AL60UL",51.843403920496,-0.18365115890393
"AL60UN",51.842767401966,-0.18319766183154
"AL60UQ",51.843300534505,-0.18802554276868
"AL60UR",51.847361009181,-0.18540851679844
"AL60US",51.847064130801,-0.18656755608648
"AL60UU",51.846992863664,-0.18719478937138
"AL60UW",51.842516023192,-0.18672132362353
"AL60UX",51.846410095848,-0.18614372683185
"AL60UY",51.846173173123,-0.18769236560205
"AL60UZ",51.846884640922,-0.18600848503136
"AL60WG",51.804007242733,-0.19428735951427
"AL60WQ",51.804007242733,-0.19428735951427
"AL60WY",51.804007242733,-0.19428735951427
"AL60XB",51.843518665857,-0.20165018179479
"AL60XD",51.83998133252,-0.19968606565591
"AL60XE",51.839275961483,-0.19884314653411
"AL60XF",51.838521574286,-0.19949750775008
"AL60XG",51.838891595103,-0.19840844399099
"AL60XH",51.839198378065,-0.19788807742134
"AL60XQ",51.838798974507,-0.19999455310932
"AL60ZU",51.804007242733,-0.19428735951427
"AL69AA",51.809068591227,-0.2278595624467
"AL69AB",51.811447934136,-0.22760662049321
"AL69AD",51.816759952017,-0.22562788570907
"AL69AE",51.82313247604,-0.22241692570616
"AL69AF",51.819700694593,-0.22503346086067
"AL69AH",51.814389209366,-0.22228224068432
"AL69AJ",51.812182387716,-0.22442936448053
"AL69AL",51.814823847344,-0.21891337288169
"AL69AS",51.827074460744,-0.21430819042029
"AL69AT",51.825198887868,-0.21812676177451
"AL69AU",51.826658119632,-0.21354092418982
"AL69BA",51.810498252788,-0.23202541308249
"AL69BB",51.812922828164,-0.23358455400019
"AL69BD",51.81405526258,-0.23114619539187
"AL69BE",51.810325804796,-0.22714285805889
"AL69BG",51.821475285759,-0.23239379991837
"AL69BH",51.819418093493,-0.24213880574953
"AL69BJ",51.829986549355,-0.2434545151127
"AL69BL",51.83163317169,-0.25863132645976
"AL69BN",51.833086528902,-0.26082517060717
"AL69BP",51.83835393637,-0.2655290119877
"AL69BQ",51.82402122917,-0.2384475186144
"AL69BS",51.842877184269,-0.26551484204234
"AL69BT",51.836783841496,-0.26516837035868
"AL69BU",51.836841191926,-0.26600813910401
"AL69BW",51.835652117461,-0.26039242747023
"AL69BX",51.835451494625,-0.26629379424371
"AL69BY",51.836033012171,-0.27097480659833
"AL69BZ",51.837399385127,-0.27093697368998
"AL69DA",51.832505610358,-0.26655210296916
"AL69DB",51.827660185928,-0.27033759179676
"AL69DF",51.828179012455,-0.21361136427181
"AL69DJ",51.826110403531,-0.21478172546857
"AL69DL",51.826715418048,-0.21198569928168
"AL69DN",51.826427536485,-0.21138753274595
"AL69DP",51.827081370738,-0.21298716696262
"AL69DQ",51.829019091909,-0.20971729869833
"AL69DS",51.828634343305,-0.21398523001094
"AL69DW",51.82714902955,-0.2121136630314
"AL69DY",51.82903887224,-0.21515940281556
"AL69DZ",51.829121701864,-0.21469166727068
"AL69EA",51.829719769761,-0.21558243231361
"AL69ED",51.829044997371,-0.2149704738668
"AL69EE",51.830143163257,-0.21385295805644
"AL69EF",51.829530727761,-0.21438519981143
"AL69EG",51.830530905549,-0.2133295954185
"AL69EH",51.828984420213,-0.21394235054986
"AL69EJ",51.828746334903,-0.21366148509947
"AL69EL",51.828842725011,-0.21290292689766
"AL69EN",51.829228698969,-0.21226352597337
"AL69EP",51.82841446227,-0.21135235080849
"AL69EQ",51.829850490812,-0.213530702436
"AL69ER",51.828842616628,-0.21171275803824
"AL69ES",51.829477368146,-0.21087479906034
"AL69ET",51.830372055871,-0.21175376992745
"AL69EU",51.829782843656,-0.21203837500491
"AL69EW",51.829088256706,-0.2130818935213
"AL69EX",51.83009552694,-0.21071966569097
"AL69EY",51.83065750994,-0.21219242278111
"AL69EZ",51.830284881596,-0.21252650631559
"AL69FB",51.832660968965,-0.21087924626464
"AL69FD",51.824155153406,-0.21098412096874
"AL69FE",51.82347193204,-0.21159169608232
"AL69FG",51.828030093836,-0.20855185465102
"AL69FH",51.82431775952,-0.21280629710531
"AL69FJ",51.824185538706,-0.21239065953598
"AL69FL",51.828918619078,-0.21671719020625
"AL69FN",51.826612170191,-0.21881117278132
"AL69HA",51.829941640128,-0.21301908202652
"AL69HB",51.830639687784,-0.21753460451878
"AL69HH",51.804007242733,-0.19428735951427
"AL69HN",51.827761350636,-0.22284424876049
"AL69HQ",51.830086418821,-0.21426161510645
"AL69HR",51.830997378226,-0.21088712632116
"AL69HS",51.825975383085,-0.21004118792945
"AL69HT",51.822659184944,-0.21255267677742
"AL69HU",51.823515091867,-0.21383943835465
"AL69HX",51.824010466451,-0.21329738182421
"AL69HY",51.824717452027,-0.21366125399329
"AL69HZ",51.824753354218,-0.21306480091112
"AL69JA",51.824993815893,-0.21291015284536
"AL69JB",51.825933158515,-0.21317775045197
"AL69JD",51.826542281693,-0.21242796351213
"AL69JE",51.8255426154,-0.21174188290727
"AL69JF",51.825978486694,-0.21260993443381
"AL69JG",51.82510599,-0.21496657309193
"AL69JH",51.823072140617,-0.2148728327692
"AL69JJ",51.822801925955,-0.21602999242924
"AL69JL",51.823604431784,-0.21557741812643
"AL69JN",51.824117608018,-0.21561518716926
"AL69JP",51.823536526501,-0.21643634488256
"AL69JQ",51.824720360834,-0.2144448396955
"AL69JR",51.823393414977,-0.21708055020134
"AL69JS",51.8242209079,-0.21649638615609
"AL69JT",51.824191145491,-0.21749894518297
"AL69JU",51.824083924669,-0.21695169313133
"AL69JW",51.823207470419,-0.21608653125871
"AL69JX",51.823575174581,-0.21779900291471
"AL69JY",51.8226459002,-0.21700848161599
"AL69JZ",51.823003284802,-0.2186342720078
"AL69LA",51.822503976721,-0.2153596882561
"AL69LB",51.822314095673,-0.21469963202799
"AL69LD",51.822881155376,-0.21414025204046
"AL69LE",51.824741448582,-0.21228157083145
"AL69LF",51.832072480024,-0.21180252459028
"AL69LH",51.830718492402,-0.21265448455385
"AL69LL",51.830591394282,-0.21316753762186
"AL69LN",51.830718492402,-0.21265448455385
"AL69LP",51.83117432216,-0.21128653449008
"AL69LR",51.831790432402,-0.21040571865382
"AL69LS",51.832806266894,-0.20860905524804
"AL69LT",51.831673459181,-0.20922010822976
"AL69LU",51.830653578004,-0.21016049372178
"AL69LW",51.831018061155,-0.21165560196841
"AL69LX",51.831081692368,-0.21229174213848
"AL69LY",51.831645811653,-0.21331449446647
"AL69LZ",51.830816133481,-0.21375375368248
"AL69NA",51.830481874497,-0.2142459705204
"AL69NB",51.831060782552,-0.21387470733357
"AL69ND",51.833510704474,-0.21412613531106
"AL69NE",51.835151452443,-0.21676124803544
"AL69NF",51.838560730988,-0.21919611028343
"AL69NG",51.838424414337,-0.22029029293053
"AL69NH",51.832758981381,-0.21673964891074
"AL69NJ",51.833948071022,-0.21865231894836
"AL69NL",51.832608113896,-0.22400336109269
"AL69NN",51.834113440987,-0.22363929117054
"AL69NP",51.837356860387,-0.22046304779875
"AL69NQ",51.83424319076,-0.21557778745048
"AL69NR",51.838025040241,-0.22183035423663
"AL69NS",51.834807190939,-0.21956196367464
"AL69NT",51.830795959734,-0.21124346830767
"AL69NU",51.831882267081,-0.21526469754396
"AL69NW",51.835319097538,-0.22189342153247
"AL69NX",51.831527154877,-0.20847112356157
"AL69PA",51.829386383085,-0.21613264675348
"AL69PB",51.829734159805,-0.21831060542021
"AL69PD",51.829337798431,-0.21767309920716
"AL69PE",51.829238323241,-0.21882366626324
"AL69PF",51.828359269005,-0.21837938459709
"AL69PG",51.829095763248,-0.2171311092109
"AL69PH",51.827713205196,-0.21728730928288
"AL69PJ",51.82658745159,-0.22074245251816
"AL69PL",51.826927895635,-0.22125152715632
"AL69PN",51.827833005392,-0.22044662376692
"AL69PP",51.829499696909,-0.22242746402535
"AL69PQ",51.827681678399,-0.21817390359049
"AL69PR",51.829720874015,-0.22159142376547
"AL69PS",51.829786840323,-0.22060183245675
"AL69PT",51.829813350284,-0.21997665946934
"AL69PU",51.828910676671,-0.22272643030186
"AL69PW",51.827485569894,-0.22125858157372
"AL69PX",51.828829349206,-0.22329568926906
"AL69PY",51.828228008833,-0.21980694643194
"AL69PZ",51.827768100933,-0.2197234849737
"AL69QA",51.82800630728,-0.21763858528516
"AL69QB",51.836605159962,-0.2124068335382
"AL69QD",51.836407696728,-0.21065812938995
"AL69QE",51.836823174631,-0.21136749959503
"AL69QF",51.827785399141,-0.21908418884753
"AL69RA",51.833809926918,-0.20955630110426
"AL69RB",51.834789725696,-0.2089367822654
"AL69RD",51.835332211087,-0.21030882763563
"AL69RE",51.835710534244,-0.21212290616271
"AL69RF",51.835426783444,-0.21357127308672
"AL69RG",51.834596751284,-0.2151718724038
"AL69RH",51.834447133014,-0.21361004985088
"AL69RJ",51.833242522001,-0.21304806777901
"AL69RL",51.83172731074,-0.21275968955878
"AL69RN",51.833071869948,-0.21187905515174
"AL69RP",51.834615914755,-0.21110658903994
"AL69RQ",51.834661825345,-0.21471929754193
"AL69RR",51.834247923458,-0.21174536493903
"AL69RS",51.833626174426,-0.21107323887315
"AL69RW",51.834241858969,-0.21252947160575
"AL69SA",51.839368305274,-0.21019230828837
"AL69SB",51.827485569894,-0.22125858157372
"AL69SD",51.840183678339,-0.20940503266883
"AL69SE",51.842477599564,-0.20532135443188
"AL69SF",51.841335773941,-0.20710897121124
"AL69SG",51.843960416675,-0.20584313813293
"AL69SH",51.845837206333,-0.20389544694212
"AL69SJ",51.84409075667,-0.20260016686232
"AL69SN",51.844918275532,-0.2002585979065
"AL69SP",51.845553038641,-0.19883938333835
"AL69SQ",51.843531554635,-0.20838650599806
"AL69SS",51.846764923062,-0.19928468103625
"AL69ST",51.847863753918,-0.20115751776908
"AL69SU",51.848524822973,-0.19969361044249
"AL69SW",51.84548348292,-0.19958266433439
"AL69SX",51.848418867865,-0.20276169160862
"AL69SY",51.851306092349,-0.20161561951742
"AL69SZ",51.850090887636,-0.20212874684898
"AL69TA",51.853467982378,-0.20184890636325
"AL69TB",51.854800114482,-0.19957382253811
"AL69TD",51.852564321308,-0.19921289219676
"AL69TE",51.85579690402,-0.19771865177132
"AL69TF",51.856599551306,-0.19727992230323
"AL69TG",51.856969100977,-0.19616137166863
"AL69TJ",51.853726529403,-0.21172830300545
"AL69TP",51.841674673388,-0.21579204892478
"AL69TQ",51.853935689685,-0.1971540435435
"AL69TR",51.844269379763,-0.21195798663541
"AL69TS",51.840407843955,-0.22061856897263
"AL69TT",51.839772585864,-0.22142758100119
"AL69TU",51.83863927197,-0.22200939482602
"AL69TX",51.842695263716,-0.21904744785161
"AL69TY",51.842732585382,-0.22568104695203
"AL69UA",51.848102762141,-0.21922602119066
"AL69UB",51.855136917313,-0.21162880997617
"AL69UD",51.854428823216,-0.21119216715771
"AL69UE",51.858179660248,-0.21538598159594
"AL69UF",51.858033598296,-0.20519611891654
"AL69UG",51.855543289375,-0.20465622143353
"AL69UH",51.844399411269,-0.22767723412894
"AL69UJ",51.839794736689,-0.22229777669571
"AL69UQ",51.854250450251,-0.20244217698281
"AL69XA",51.833520335323,-0.20766621691202
"AL71AA",51.804007242733,-0.19428735951427
"AL71AB",51.804007242733,-0.19428735951427
"AL71AD",51.802729329786,-0.18955146632566
"AL71AJ",51.803837953543,-0.18679436293973
"AL71AN",51.80355164863,-0.18747313898229
"AL71AP",51.800535204948,-0.18431594753358
"AL71AS",51.804160259592,-0.19254047508119
"AL71AU",51.802640449707,-0.19078803134758
"AL71AX",51.80362858678,-0.18896419598857
"AL71AY",51.803896313631,-0.18999792042143
"AL71BA",51.804199868908,-0.18751966668987
"AL71BD",51.803230082504,-0.19228756319645
"AL71BH",51.801118891612,-0.19418520326989
"AL71BJ",51.804081983812,-0.18920713726678
"AL71BQ",51.801054622743,-0.18533946697132
"AL71BS",51.799805969841,-0.19301924979606
"AL71BU",51.804007242733,-0.19428735951427
"AL71BW",51.801750032226,-0.19253534901507
"AL71BX",51.815532774531,-0.18879158638397
"AL71BY",51.814919165359,-0.18865658553992
"AL71DA",51.81027846555,-0.19097541291601
"AL71DB",51.810985580941,-0.19075848184896
"AL71DD",51.811948589392,-0.18847102629315
"AL71DE",51.811809256939,-0.18876679182665
"AL71DF",51.812655524119,-0.18765917943362
"AL71DG",51.813115274459,-0.18714741562882
"AL71DH",51.811610692078,-0.19047228472633
"AL71DJ",51.811367833456,-0.19222306117435
"AL71DL",51.813023325989,-0.19227287591648
"AL71DN",51.814334747388,-0.19100157333785
"AL71DP",51.815826127942,-0.18973749248061
"AL71DQ",51.813042386651,-0.18825304584378
"AL71DR",51.815977012213,-0.19077617968178
"AL71DS",51.814459907871,-0.18861696543635
"AL71DU",51.814239687503,-0.18891599072708
"AL71DW",51.815940329792,-0.19131452652312
"AL71DX",51.813658848425,-0.18915692366677
"AL71DZ",51.812144141269,-0.19007368035142
"AL71EA",51.812164510881,-0.19081282238165
"AL71EB",51.813532744362,-0.18972784722204
"AL71ED",51.813668330776,-0.19094120823028
"AL71EE",51.813353605055,-0.1903589299984
"AL71EF",51.812676224821,-0.1919240392382
"AL71EG",51.812814514447,-0.1909754059036
"AL71EL",51.807782667877,-0.19066914540207
"AL71EN",51.808659742014,-0.18689098808577
"AL71EP",51.804854912681,-0.1891761588976
"AL71EQ",51.811331505085,-0.19161514907911
"AL71ET",51.809621602988,-0.18978303234938
"AL71EU",51.809005693767,-0.18774758132936
"AL71EW",51.80574411785,-0.19027205861075
"AL71FE",51.803573526515,-0.19767013491619
"AL71FF",51.796028361461,-0.17609930288977
"AL71FG",51.795316315153,-0.17541736180823
"AL71FH",51.795779865898,-0.17689253376254
"AL71FJ",51.796204753323,-0.17761509210276
"AL71FL",51.796528078278,-0.17816770982679
"AL71FN",51.797049350367,-0.17872686218838
"AL71FP",51.796922620889,-0.17635329474017
"AL71FQ",51.797304374106,-0.17777380933016
"AL71FR",51.79714866519,-0.17817170075439
"AL71FS",51.806620868624,-0.18764014755515
"AL71FT",51.807331107271,-0.18762616199347
"AL71FW",51.798151444291,-0.17846487856241
"AL71GA",51.809499901483,-0.19473518022901
"AL71GB",51.808868982428,-0.19113341316206
"AL71GE",51.807589034567,-0.18452571188896
"AL71GL",51.79830873365,-0.18806054936915
"AL71GN",51.802328672806,-0.18747868056239
"AL71GW",51.80078617408,-0.19009349228092
"AL71GX",51.800825299459,-0.1838836357221
"AL71GY",51.79818933274,-0.18906614725329
"AL71GZ",51.798422729207,-0.18962247266841
"AL71HA",51.804609271992,-0.18724212479736
"AL71HB",51.803725449223,-0.19878105665642
"AL71HE",51.805681570246,-0.19614985747058
"AL71HG",51.801950315066,-0.18977125390971
"AL71HH",51.805396503457,-0.19574054197428
"AL71HJ",51.804307521672,-0.19803252920339
"AL71HL",51.800960064308,-0.19555505607617
"AL71HN",51.792365115727,-0.17127271276191
"AL71HQ",51.793245295549,-0.172933945545
"AL71HR",51.793017174086,-0.17156539417962
"AL71HT",51.804307521672,-0.19803252920339
"AL71HU",51.803409844636,-0.19696586234434
"AL71HW",51.804307521672,-0.19803252920339
"AL71HX",51.800361366408,-0.19639125385409
"AL71JA",51.800809901032,-0.18871453465584
"AL71JD",51.799855981295,-0.18750533790195
"AL71JE",51.801511508275,-0.1951558903936
"AL71JG",51.801505236866,-0.18948446791181
"AL71JN",51.798038608585,-0.18862254920848
"AL71JQ",51.798869186187,-0.18708076594854
"AL71JR",51.80039922253,-0.19241531850942
"AL71JU",51.799663802177,-0.19254627087794
"AL71JY",51.799171186214,-0.19150712321848
"AL71LA",51.799281457935,-0.18990717699806
"AL71LE",51.800873554781,-0.19402094357117
"AL71LG",51.801279931293,-0.1929603069313
"AL71LP",51.798791275511,-0.18902752053963
"AL71LT",51.800492435807,-0.18562313820274
"AL71LU",51.804007242733,-0.19428735951427
"AL71LY",51.802709101398,-0.18707175911608
"AL71NA",51.811545523222,-0.18507762501457
"AL71NB",51.812040348785,-0.18742270176873
"AL71ND",51.811111401686,-0.18550131042797
"AL71NE",51.811444454007,-0.18435624778018
"AL71NF",51.809637993739,-0.18384852973785
"AL71NG",51.809059148983,-0.18480031375458
"AL71NH",51.809965768652,-0.18469134055334
"AL71NJ",51.810631893454,-0.18589779331404
"AL71NL",51.81003867736,-0.18650194950542
"AL71NN",51.810368621445,-0.18807012032602
"AL71NP",51.8115087435,-0.18735698171665
"AL71NQ",51.809354546934,-0.18587655055347
"AL71NR",51.811674271308,-0.18817734252816
"AL71NS",51.8111986962,-0.18707925018367
"AL71NT",51.813193297006,-0.18637528991514
"AL71NU",51.812234763805,-0.18661690418709
"AL71NW",51.811279439301,-0.1888170541772
"AL71NX",51.813166149488,-0.18578149806433
"AL71NY",51.813742206605,-0.18639677703994
"AL71NZ",51.813493158053,-0.18424487350638
"AL71PA",51.813389082442,-0.18507609274502
"AL71PB",51.812775469336,-0.18494114817014
"AL71PD",51.812353839073,-0.18268016910624
"AL71PE",51.810815427985,-0.18206016141647
"AL71PF",51.810444042632,-0.18130616036037
"AL71PG",51.810125891265,-0.18108683625214
"AL71PH",51.810397003876,-0.18349882757696
"AL71PJ",51.811068154307,-0.18328322508878
"AL71PL",51.812211303292,-0.18451403966904
"AL71PN",51.811722024302,-0.18253148331271
"AL71PP",51.812553754179,-0.18397794665867
"AL71PQ",51.810461532536,-0.18243711560995
"AL71PR",51.810119088433,-0.18297319489977
"AL71PS",51.810619739245,-0.18161827346745
"AL71PW",51.812181139827,-0.18547284612601
"AL71PZ",51.801877654397,-0.17924303265272
"AL71QA",51.799499502254,-0.18189172414867
"AL71QD",51.803771325919,-0.17783214083326
"AL71QE",51.803193654724,-0.17769587039422
"AL71QF",51.802760674522,-0.17935250960586
"AL71QG",51.802606095738,-0.17866245334076
"AL71QH",51.804265843159,-0.18014773832972
"AL71QJ",51.80357672287,-0.18036407618588
"AL71QL",51.803323025143,-0.18140423094657
"AL71QN",51.803475121911,-0.18193483880052
"AL71QP",51.8041374389,-0.1834748811269
"AL71QQ",51.803797379935,-0.17951382312841
"AL71QR",51.804519588717,-0.18434441552621
"AL71QS",51.804021212953,-0.18468358364326
"AL71QT",51.802727768966,-0.1830383521721
"AL71QU",51.803622262952,-0.18272676213575
"AL71QW",51.804089837771,-0.18272246188528
"AL71QX",51.802555064364,-0.18059379756415
"AL71QY",51.802010653305,-0.18028208686556
"AL71QZ",51.803963448662,-0.18501955082041
"AL71RB",51.804178004644,-0.17912131915922
"AL71RD",51.804085885709,-0.17723919802191
"AL71RE",51.804491446465,-0.17729536886711
"AL71RF",51.804716115847,-0.18018762791055
"AL71RG",51.805006867754,-0.17979874228047
"AL71RH",51.805417786921,-0.18136343212192
"AL71RJ",51.804812259797,-0.18117020694779
"AL71RL",51.805806004303,-0.18262441699471
"AL71RN",51.805209242477,-0.18241631402077
"AL71RP",51.804739826525,-0.18346516811962
"AL71RQ",51.80538971765,-0.1807117548318
"AL71RR",51.801002976215,-0.19835288225359
"AL71RW",51.804773336962,-0.18272398293252
"AL71RX",51.803356282064,-0.19289177244259
"AL71RY",51.798710243518,-0.17796369968507
"AL71SA",51.799607632362,-0.18831307167585
"AL71SB",51.799664461738,-0.18849935794742
"AL71SD",51.81131285793,-0.19508347642514
"AL71SE",51.81075445396,-0.19385805595483
"AL71SF",51.812459784417,-0.19422513731059
"AL71SQ",51.804007242733,-0.19428735951427
"AL71SY",51.804007242733,-0.19428735951427
"AL71TA",51.805041694142,-0.17624319271564
"AL71TN",51.810058772135,-0.19247856671042
"AL71TP",51.798933127418,-0.17667829420011
"AL71TR",51.812956263888,-0.18150969901852
"AL71TS",51.802289270902,-0.18550746957732
"AL71TW",51.807409497572,-0.19564563991618
"AL71UA",51.815721150229,-0.19226646251728
"AL71UB",51.814827598583,-0.19381125105029
"AL71UD",51.81487082882,-0.19311304941622
"AL71UE",51.814298595567,-0.19274418156706
"AL71UF",51.814225878091,-0.19386433380155
"AL71UG",51.813163341847,-0.19377623936095
"AL71UH",51.813764761845,-0.19428903928361
"AL71UJ",51.814927793743,-0.19213860914816
"AL71UL",51.81355457745,-0.18239970474273
"AL71UN",51.81425236332,-0.18449003508107
"AL71UP",51.815704887797,-0.19296359917933
"AL71UQ",51.813069522104,-0.19469407517468
"AL71UT",51.799674841442,-0.19034107368941
"AL71UW",51.814458433263,-0.18385783295348
"AL71UX",51.804007242733,-0.19428735951427
"AL71UY",51.804007242733,-0.19428735951427
"AL71WJ",51.804007242733,-0.19428735951427
"AL71XN",51.804007242733,-0.19428735951427
"AL71YR",51.804007242733,-0.19428735951427
"AL71ZR",51.804007242733,-0.19428735951427
"AL72AA",51.797192002507,-0.18038909584406
"AL72AD",51.799357105171,-0.17966370032441
"AL72AF",51.801697011912,-0.17745161171734
"AL72AG",51.802322991034,-0.1783837481896
"AL72AH",51.803267786768,-0.17609720370708
"AL72AJ",51.803403642839,-0.17326301042692
"AL72AL",51.802871805348,-0.17318297029096
"AL72AN",51.802542218625,-0.1739651098991
"AL72AP",51.803373569365,-0.17422163502021
"AL72AQ",51.803636506336,-0.17667707642485
"AL72AR",51.80313453874,-0.17562388088299
"AL72AS",51.802045028825,-0.17553731959771
"AL72AT",51.802391286512,-0.17640819647737
"AL72AU",51.802508312931,-0.17467726991523
"AL72AW",51.803156723971,-0.17357762198776
"AL72AX",51.802416968716,-0.17169274741642
"AL72AY",51.800434599424,-0.17259975628536
"AL72AZ",51.798393034014,-0.171434918649
"AL72BA",51.798650253791,-0.17062675308277
"AL72BB",51.798304930588,-0.17097433739706
"AL72BD",51.799000183301,-0.17230964783471
"AL72BE",51.799571970266,-0.17148874781426
"AL72BF",51.799920869323,-0.17079289060199
"AL72BG",51.799961136836,-0.17164706155108
"AL72BH",51.797740675447,-0.18097618750333
"AL72BJ",51.801739406144,-0.17380898003586
"AL72BL",51.802013715389,-0.172942053851
"AL72BN",51.801141073461,-0.17407975486072
"AL72BP",51.800794348318,-0.17317992759806
"AL72BQ",51.800727484887,-0.17061518449861
"AL72BS",51.797976870868,-0.1706975257601
"AL72BT",51.799144336791,-0.17870044796914
"AL72BW",51.801249529302,-0.17237822741946
"AL72DA",51.795122201024,-0.17913810360078
"AL72DB",51.795123315097,-0.17979071767555
"AL72DG",51.804404099069,-0.1716703620765
"AL72DH",51.80447077807,-0.17075375112181
"AL72DJ",51.805159751765,-0.17226357337584
"AL72DL",51.804576743902,-0.17352021799234
"AL72DN",51.804298784826,-0.17299471464527
"AL72DP",51.803289458307,-0.17228120755889
"AL72DQ",51.804846964564,-0.1718120136982
"AL72DR",51.803474524105,-0.17088112323838
"AL72DS",51.805038257936,-0.17370465455329
"AL72DU",51.805583063935,-0.17230447563483
"AL72DW",51.803890293185,-0.17275011842201
"AL72DX",51.80546436035,-0.17103267335886
"AL72DY",51.805455749416,-0.16990148627801
"AL72DZ",51.805295018569,-0.16881998575645
"AL72EA",51.805178763111,-0.16770767548178
"AL72EB",51.804257171835,-0.16858642684658
"AL72ED",51.808025141243,-0.17146578254205
"AL72EE",51.804516272311,-0.16905464083849
"AL72EF",51.804221122996,-0.1703141583777
"AL72EG",51.80410104349,-0.16895541641327
"AL72EH",51.802822690182,-0.17060288467611
"AL72EJ",51.802070826038,-0.16967594432374
"AL72EL",51.801362085415,-0.16863124226853
"AL72EN",51.801204870664,-0.16950794445366
"AL72EP",51.799718285604,-0.16875588246966
"AL72EQ",51.802215152444,-0.17085957575686
"AL72ER",51.800453310254,-0.16975596873462
"AL72ES",51.799302728832,-0.17036826089496
"AL72EU",51.798860006087,-0.1690807583191
"AL72EW",51.801529096093,-0.1695383266538
"AL72EX",51.798478963501,-0.16944430773393
"AL72FA",51.798068082256,-0.17888886858027
"AL72FB",51.797446088446,-0.18169875439783
"AL72FD",51.801020698417,-0.17907448752973
"AL72FJ",51.804007242733,-0.19428735951427
"AL72HA",51.801036126438,-0.16675874434362
"AL72HB",51.802539215006,-0.16856902558986
"AL72HD",51.803101448373,-0.16944561521417
"AL72HE",51.800685268778,-0.16790439547912
"AL72HF",51.796519511262,-0.16720303609237
"AL72HG",51.796350429563,-0.16847173660884
"AL72HH",51.79577829846,-0.16753767410593
"AL72HJ",51.796279744772,-0.16970743467574
"AL72HL",51.793650479916,-0.17007496397987
"AL72HN",51.79538335145,-0.16816284027437
"AL72HP",51.79433290032,-0.16769780001022
"AL72HQ",51.796267950334,-0.16376130348897
"AL72HR",51.794716768594,-0.16636242592937
"AL72HS",51.794287452797,-0.16478448135971
"AL72HT",51.793393622981,-0.16455972017813
"AL72HU",51.793799931324,-0.16523937087837
"AL72HW",51.795659251875,-0.16797761276329
"AL72HX",51.79390671013,-0.16574264716653
"AL72HY",51.79522812682,-0.16858973578582
"AL72HZ",51.795524121006,-0.16969452481403
"AL72JA",51.795208470182,-0.17021493313659
"AL72JB",51.79696786828,-0.16596650439836
"AL72JD",51.797228787301,-0.16655058910887
"AL72JG",51.795093535332,-0.17207603931127
"AL72JH",51.796122746455,-0.17059852901376
"AL72JJ",51.795451681888,-0.17197453214844
"AL72JL",51.796007221315,-0.16491770068492
"AL72JN",51.795642745409,-0.1646134178766
"AL72JP",51.795081835792,-0.1638239977243
"AL72JQ",51.795073501595,-0.17136617654542
"AL72JR",51.795046406149,-0.16443458567865
"AL72JS",51.795619918731,-0.16545556059512
"AL72JT",51.795216326831,-0.16494981378002
"AL72JU",51.794282661172,-0.17255843558958
"AL72JW",51.79415855124,-0.16344091295789
"AL72JX",51.794822811119,-0.17259460929167
"AL72LA",51.797522928829,-0.17389234608461
"AL72LB",51.797641824567,-0.17517842891781
"AL72LD",51.797535760835,-0.17471857362307
"AL72LE",51.796616544303,-0.17401599438308
"AL72LF",51.796296613256,-0.17484114016152
"AL72LG",51.796504394753,-0.17316479041689
"AL72LH",51.795082817912,-0.17370086833986
"AL72LJ",51.796046258648,-0.17319781304765
"AL72LL",51.795735702773,-0.17231113398005
"AL72LN",51.796083480273,-0.17154286913735
"AL72LP",51.796972440777,-0.17376954844881
"AL72LQ",51.795687699409,-0.17443061911902
"AL72LR",51.797109235043,-0.17273422368404
"AL72LS",51.796855500742,-0.17145361772129
"AL72LT",51.796826890424,-0.17019291899418
"AL72LU",51.798571146504,-0.17595316244668
"AL72LW",51.796548631751,-0.17253933013279
"AL72LX",51.798807344351,-0.16800954152065
"AL72LY",51.799065947116,-0.16786851428408
"AL72LZ",51.798902314308,-0.16717891962931
"AL72NA",51.799329417087,-0.16688600349554
"AL72NB",51.799235853203,-0.16838380112642
"AL72ND",51.798452364066,-0.1683140247542
"AL72NE",51.798310191004,-0.16900150248171
"AL72NF",51.799424767195,-0.16781045147545
"AL72NG",51.79930149459,-0.16624892066123
"AL72NH",51.80040886705,-0.16748044458224
"AL72NJ",51.799842265171,-0.16574830854633
"AL72NL",51.799583777853,-0.16704974495103
"AL72NN",51.800635749111,-0.16472973656714
"AL72NP",51.801557445359,-0.1650114242941
"AL72NQ",51.800108159569,-0.1666513403307
"AL72PA",51.797709176205,-0.16448598055799
"AL72PB",51.798014134666,-0.16501026017746
"AL72PD",51.798717190883,-0.1651122541841
"AL72PE",51.798403413686,-0.16229659469787
"AL72PF",51.798729754591,-0.16303756915081
"AL72PG",51.798146012965,-0.16712256632853
"AL72PH",51.79804228989,-0.16566181926198
"AL72PJ",51.798272008831,-0.16655177794961
"AL72PL",51.79847397185,-0.16623898665039
"AL72PN",51.799358187593,-0.16124242198453
"AL72PP",51.801883732478,-0.16344606014739
"AL72PQ",51.7977002566,-0.167372715543
"AL72PR",51.800470954973,-0.16051539280587
"AL72PS",51.800615826333,-0.16172794308212
"AL72PT",51.800662956285,-0.1630170013281
"AL72PU",51.801611162139,-0.16154239333262
"AL72PW",51.801194170954,-0.16018133529061
"AL72PX",51.800356437898,-0.15951919237894
"AL72PY",51.799205004786,-0.16007375990644
"AL72PZ",51.799468542003,-0.15852550315377
"AL72QA",51.799220247675,-0.15588122644148
"AL72QF",51.798557118377,-0.15545864265014
"AL72QG",51.800054013781,-0.15686256140801
"AL72QH",51.800097716276,-0.15506213721958
"AL72QJ",51.801063756702,-0.15817038383759
"AL72QL",51.800504988911,-0.15579978453547
"AL72RG",51.797035571425,-0.16454234783801
"AL72RH",51.796611415984,-0.16502370360193
"AL72RT",51.796892695734,-0.16288017561442
"AL73AB",51.795477569618,-0.20340285281578
"AL73AE",51.79903012973,-0.19461678722182
"AL73AF",51.795818463676,-0.19864658674509
"AL73AG",51.794724757382,-0.19945885609866
"AL73AJ",51.795621254737,-0.19692851164144
"AL73AX",51.796417198066,-0.19898532014134
"AL73BA",51.797606833058,-0.19387591068928
"AL73BB",51.796907724697,-0.19461455018364
"AL73BE",51.799520356412,-0.19491630993274
"AL73BH",51.796610112632,-0.19690356387578
"AL73BL",51.798659061585,-0.19680730725308
"AL73BN",51.79419708167,-0.20435295006302
"AL73BQ",51.799041335435,-0.19769134846161
"AL73BT",51.800361366408,-0.19639125385409
"AL73BU",51.799812392098,-0.19812475571442
"AL73BW",51.804007242733,-0.19428735951427
"AL73BX",51.791300278513,-0.19021229355588
"AL73BY",51.798565783469,-0.1849027392713
"AL73BZ",51.796908860496,-0.19996650745846
"AL73DA",51.791167217622,-0.17462769478689
"AL73DB",51.791455607525,-0.1717735849004
"AL73DD",51.790992818502,-0.16919640462076
"AL73DE",51.791071595695,-0.17136855132054
"AL73DF",51.790875341356,-0.17436393996844
"AL73DG",51.790497579889,-0.17262444764838
"AL73DJ",51.7920199125,-0.16989443391805
"AL73DQ",51.790724234634,-0.16811962227095
"AL73DU",51.793890443424,-0.18031897185491
"AL73DX",51.793783214604,-0.18210717007809
"AL73DY",51.793216155237,-0.18033161549334
"AL73DZ",51.793376146343,-0.17962903177721
"AL73EA",51.791441993734,-0.18133118824228
"AL73EB",51.791385168983,-0.1805648510778
"AL73EE",51.796788247923,-0.20089956917273
"AL73EF",51.79735003032,-0.20058712073337
"AL73EJ",51.794510382072,-0.17853910882412
"AL73EL",51.79474673729,-0.17986389739101
"AL73EN",51.794918353143,-0.18165541565569
"AL73EP",51.796000397289,-0.18300424682669
"AL73EQ",51.797860879697,-0.20105992877109
"AL73ER",51.795762378318,-0.18447869274985
"AL73ES",51.795249864944,-0.18448477704368
"AL73ET",51.794846158525,-0.18338422928654
"AL73EU",51.794165241849,-0.18006135348204
"AL73EW",51.795213328979,-0.1827023076107
"AL73EX",51.793145852821,-0.17869561838198
"AL73EY",51.79398978309,-0.1774433448071
"AL73EZ",51.79505637544,-0.17779192890489
"AL73HA",51.794604296982,-0.17647584551205
"AL73HB",51.793917629205,-0.17511124697678
"AL73HD",51.793233647925,-0.17392061610477
"AL73HE",51.792743595042,-0.17363585612013
"AL73HF",51.791651830414,-0.1734044231273
"AL73HG",51.792051762521,-0.17309821044185
"AL73HH",51.791981955158,-0.17555196007364
"AL73HJ",51.793317286042,-0.17641174627659
"AL73HL",51.792491092848,-0.17532837164687
"AL73HN",51.7926533046,-0.17477071890086
"AL73HQ",51.791804862589,-0.17399284063953
"AL73HR",51.790666877669,-0.17773684844257
"AL73HS",51.790382644375,-0.17854591732563
"AL73HT",51.79083853216,-0.17894810989062
"AL73HU",51.791166583286,-0.18795529627763
"AL73HW",51.793902597658,-0.17646064660078
"AL73HX",51.791306563519,-0.1778125765745
"AL73HY",51.791901536398,-0.1779046115602
"AL73HZ",51.791037136815,-0.1801582953279
"AL73JA",51.79061555522,-0.18896352584384
"AL73JD",51.789997849803,-0.18681299260982
"AL73JE",51.789700935999,-0.18505568488499
"AL73JF",51.790428358179,-0.18673771624098
"AL73JG",51.790155337172,-0.183616251695
"AL73JH",51.792331808745,-0.1766545422274
"AL73JJ",51.790753581441,-0.17520998160429
"AL73JN",51.792448426327,-0.17779554950635
"AL73JP",51.794605033383,-0.18407557880022
"AL73JQ",51.791532370702,-0.17671579496354
"AL73JR",51.794336384627,-0.18240399291865
"AL73JS",51.793288403524,-0.183258300508
"AL73JT",51.793311155764,-0.18182159445216
"AL73JU",51.792669287341,-0.18509602704002
"AL73JW",51.790067393402,-0.179675267179
"AL73JX",51.792188057661,-0.18421618952419
"AL73JY",51.791219975939,-0.18209423924765
"AL73JZ",51.791608182638,-0.18335483750225
"AL73LA",51.791441386626,-0.18478277047296
"AL73LB",51.791026232546,-0.18352324768943
"AL73LD",51.790253240328,-0.18471446672468
"AL73LE",51.790831275796,-0.18603995305822
"AL73LF",51.791348527508,-0.18575815425168
"AL73LG",51.790897229365,-0.18740050962804
"AL73LH",51.791576081936,-0.1865176472074
"AL73LJ",51.791909150021,-0.18537309036034
"AL73LL",51.793666783296,-0.18679633990543
"AL73LN",51.793927103857,-0.18793164419085
"AL73LP",51.792702233034,-0.18898143874918
"AL73LQ",51.792293476449,-0.18696745103488
"AL73LR",51.791184004695,-0.18908577346421
"AL73LS",51.792276967976,-0.18822983969811
"AL73LT",51.792161967883,-0.18777036711607
"AL73LW",51.792206237764,-0.19005999956368
"AL73LX",51.792007582571,-0.17894451918829
"AL73LY",51.791728520592,-0.17892675707656
"AL73LZ",51.794409172394,-0.18653450447579
"AL73NA",51.796967414539,-0.18972428377452
"AL73NB",51.795910116727,-0.19289944694514
"AL73ND",51.79604016786,-0.19141485896617
"AL73NE",51.796355530679,-0.19028543791243
"AL73NF",51.795748392686,-0.19057081609605
"AL73NG",51.796143295902,-0.18935118680776
"AL73NH",51.796827401673,-0.18764130723382
"AL73NJ",51.79805270566,-0.18662036901248
"AL73NL",51.797208405504,-0.18552292053155
"AL73NN",51.797734229924,-0.18463154677538
"AL73NP",51.795778912947,-0.18147575512742
"AL73NQ",51.797084141112,-0.18854477244635
"AL73NR",51.794989822463,-0.18104339386447
"AL73NS",51.796658136049,-0.18075868745088
"AL73NT",51.798254800662,-0.18514730242185
"AL73NU",51.7968303998,-0.18666941457841
"AL73NW",51.796639677866,-0.18189074370676
"AL73NX",51.797028167948,-0.18608131404054
"AL73NY",51.796492003252,-0.18688604768685
"AL73NZ",51.795873120851,-0.19400321097535
"AL73PA",51.798297022896,-0.19255742352854
"AL73PB",51.798430414581,-0.19129019074503
"AL73PD",51.790679750315,-0.1896280499374
"AL73PG",51.797363278582,-0.19207261614059
"AL73PH",51.797478020896,-0.19076264190581
"AL73PJ",51.796631495341,-0.19185532273191
"AL73PL",51.794835164478,-0.1914195686145
"AL73PN",51.792413558759,-0.19067531151769
"AL73PP",51.791202481956,-0.19262358280492
"AL73PT",51.791438530537,-0.19159898174952
"AL73PU",51.791169651288,-0.19282792684439
"AL73PW",51.790256908698,-0.19488018698258
"AL73PX",51.791169651288,-0.19282792684439
"AL73PY",51.79223507993,-0.19134957464307
"AL73PZ",51.792268215361,-0.19233442506664
"AL73QA",51.791616503999,-0.19323063071876
"AL73QB",51.792223047953,-0.19407654046775
"AL73QD",51.792569633444,-0.1932215372791
"AL73QE",51.794393812819,-0.19195934740775
"AL73QF",51.794442467655,-0.19278408855344
"AL73QG",51.795459250832,-0.19223580453323
"AL73QH",51.79634493666,-0.19251946306665
"AL73QJ",51.796417431635,-0.19314023239152
"AL73QL",51.797259144355,-0.19290352107211
"AL73QN",51.794453895197,-0.19118826928401
"AL73QP",51.798309946662,-0.1933981693815
"AL73QQ",51.795278905348,-0.19337429556526
"AL73QR",51.796825958099,-0.19280481006843
"AL73QS",51.797502254519,-0.19292280839638
"AL73QT",51.796797505499,-0.19387924707935
"AL73QW",51.791665136301,-0.1905457430159
"AL73QZ",51.793911582396,-0.19042680399867
"AL73RA",51.794541789271,-0.19984323111345
"AL73RB",51.794249193092,-0.20011594267884
"AL73RD",51.794030491137,-0.19934148214754
"AL73RE",51.793859589003,-0.1975789136438
"AL73RF",51.793137501832,-0.19975413168324
"AL73RG",51.792874969909,-0.19905395209811
"AL73RH",51.793126703477,-0.19728907630131
"AL73RJ",51.791852560259,-0.19689031585138
"AL73RL",51.792279963014,-0.19661221973706
"AL73RN",51.793123018414,-0.19646256039195
"AL73RP",51.793644645379,-0.19412126171294
"AL73RQ",51.793528825556,-0.19770812765659
"AL73RR",51.793853253883,-0.18955895297763
"AL73RS",51.794380559226,-0.18992941946281
"AL73RT",51.795026437746,-0.18865625311494
"AL73RU",51.794779804281,-0.18782493995161
"AL73RW",51.792985958237,-0.19339343207162
"AL73RX",51.795972467077,-0.1876030724426
"AL73RY",51.795645204733,-0.18620933868972
"AL73RZ",51.796692795224,-0.18474590053961
"AL73SA",51.796532843586,-0.18428819797886
"AL73SB",51.795017642108,-0.18633604828132
"AL73SD",51.793509717344,-0.18944218649127
"AL73SF",51.793703775878,-0.19211747813884
"AL73SH",51.795370092711,-0.20049190771097
"AL73SJ",51.793970897942,-0.20191090903173
"AL73SN",51.795404378064,-0.19979437058305
"AL73SR",51.795504128005,-0.20102320470437
"AL73ST",51.7948845313,-0.20167151370288
"AL73SX",51.794618107994,-0.20247979738263
"AL73SY",51.793700547545,-0.20422764614328
"AL73TB",51.792894940503,-0.20153313142538
"AL73TD",51.793454950869,-0.20110476589677
"AL73TE",51.790918888635,-0.20110417759863
"AL73TF",51.791543698454,-0.20020917164238
"AL73TG",51.791889554995,-0.19989084908839
"AL73TH",51.791141797657,-0.19862992993581
"AL73TJ",51.79104345366,-0.19690808861174
"AL73TL",51.791574292818,-0.19751051511757
"AL73TN",51.791436867344,-0.19558718697558
"AL73TP",51.790312027325,-0.19729981272608
"AL73TQ",51.79218890554,-0.1982981492499
"AL73TR",51.790118200733,-0.19814865205527
"AL73TS",51.794953185572,-0.20322064952427
"AL73TT",51.796339310844,-0.20094644838451
"AL73TU",51.795335344776,-0.20233524326378
"AL73TW",51.790768267107,-0.196556512889
"AL73UA",51.799194961437,-0.19363837954661
"AL73UB",51.800517532604,-0.19484746581782
"AL73UD",51.799580457342,-0.19414514761279
"AL73UE",51.798860788059,-0.1923753231551
"AL73UH",51.798174528549,-0.19453493280745
"AL73UJ",51.796565934662,-0.19636867980296
"AL73UL",51.797463893779,-0.19569465520329
"AL73UN",51.797500682547,-0.19457635790413
"AL73UP",51.797072666749,-0.19598585322359
"AL73UQ",51.799692370096,-0.19557666737453
"AL73UU",51.7956437284,-0.19546274457541
"AL73UW",51.79844576562,-0.19580049844571
"AL73UX",51.794590845277,-0.19541776240568
"AL73UZ",51.795348197426,-0.19437227257548
"AL73XA",51.792572729177,-0.19517927613748
"AL73XB",51.79172842561,-0.19466189618643
"AL73XD",51.790854763495,-0.19516085737004
"AL73XE",51.792385681671,-0.19588287072818
"AL73XF",51.79464468228,-0.19599574677774
"AL73XG",51.794174251442,-0.19698623758759
"AL73XH",51.795065673631,-0.19647206136968
"AL73XJ",51.794605238723,-0.19811480776931
"AL73XL",51.794583385554,-0.1984492554444
"AL73XN",51.793694623947,-0.20031206311643
"AL73XP",51.794795946955,-0.19413327416962
"AL73XW",51.795306716175,-0.19811584823005
"AL74AA",51.785380425456,-0.17030820870277
"AL74AB",51.789869011217,-0.170373065413
"AL74AD",51.788875912735,-0.17070329049809
"AL74AE",51.787660347854,-0.17060746620728
"AL74AF",51.787877207795,-0.17125124565537
"AL74AG",51.786845158895,-0.17023442811446
"AL74AH",51.788845530365,-0.16990693554325
"AL74AJ",51.787673282498,-0.16912782454428
"AL74AL",51.789303400372,-0.16927932841794
"AL74AN",51.789010532165,-0.17126340484037
"AL74AP",51.788541052459,-0.1740376689618
"AL74AQ",51.786290932218,-0.17160542554231
"AL74AR",51.789747383842,-0.17353938519464
"AL74AS",51.789079643256,-0.17455247333352
"AL74AW",51.788661903402,-0.17313369646641
"AL74BA",51.789184330442,-0.18130600504209
"AL74BB",51.788572262002,-0.18185268047548
"AL74BD",51.788493877648,-0.18085523632201
"AL74BE",51.788883361038,-0.18394288920063
"AL74BG",51.789587158773,-0.18234842620358
"AL74BH",51.787623119266,-0.18328296015248
"AL74BJ",51.786340300001,-0.18465407332446
"AL74BL",51.786704344904,-0.18376940622786
"AL74BN",51.785040871367,-0.18553276420664
"AL74BP",51.78661977265,-0.18528088631824
"AL74BQ",51.78805135682,-0.18364278355413
"AL74BS",51.788092126293,-0.1857003252403
"AL74BT",51.788753625804,-0.18544175325352
"AL74BW",51.785385264736,-0.18628746375285
"AL74DA",51.790584933629,-0.19164763288765
"AL74DB",51.789379416936,-0.17764373079424
"AL74DD",51.782945927769,-0.17800453320302
"AL74DF",51.783523398686,-0.20148542331804
"AL74DG",51.784115812316,-0.20082386034084
"AL74DH",51.783152582734,-0.20076069091155
"AL74DJ",51.783535391917,-0.19991897070788
"AL74DL",51.782477180828,-0.19952611538331
"AL74DN",51.783319132131,-0.19930409292508
"AL74DP",51.782241816737,-0.19766506944919
"AL74DQ",51.783650566007,-0.20039287921474
"AL74DR",51.782635393923,-0.19811336512672
"AL74DS",51.782956159708,-0.19733210396235
"AL74DU",51.783243763484,-0.19732063768082
"AL74DW",51.783265312637,-0.19872624866974
"AL74DX",51.783067183911,-0.19577621709814
"AL74DY",51.782431019337,-0.19475764231813
"AL74DZ",51.782782510294,-0.19422162560044
"AL74EA",51.782536140283,-0.19340499514796
"AL74EB",51.782083791942,-0.19206013182559
"AL74ED",51.782341016236,-0.19241233220157
"AL74EE",51.781897575619,-0.19164709867143
"AL74EF",51.781970286495,-0.19403657301954
"AL74EG",51.781967077138,-0.19734253701285
"AL74EH",51.784145420907,-0.20217117915884
"AL74EJ",51.784622874056,-0.20222469471312
"AL74EN",51.783111973194,-0.17769334895791
"AL74EQ",51.782592896677,-0.20179792471462
"AL74ET",51.784969307044,-0.20018088707702
"AL74EU",51.784756985564,-0.19630329347658
"AL74EW",51.782945760927,-0.19489658690754
"AL74EX",51.784783991003,-0.19454769386209
"AL74EY",51.784413323232,-0.19559199997207
"AL74EZ",51.784234814646,-0.19626612428251
"AL74FA",51.787290434284,-0.19847887288255
"AL74FB",51.786138357145,-0.20135239927606
"AL74FD",51.787431227045,-0.19769020688926
"AL74FE",51.785665459822,-0.19983416409607
"AL74FF",51.785608756364,-0.1990678984413
"AL74FG",51.78590601401,-0.19909955917241
"AL74FH",51.786271181652,-0.20004205638975
"AL74FJ",51.786721667119,-0.1989220604088
"AL74FL",51.787021472081,-0.1985330933184
"AL74FN",51.787553413066,-0.19920794778859
"AL74FQ",51.785503230696,-0.19863708961882
"AL74GH",51.804007242733,-0.19428735951427
"AL74HA",51.783877311477,-0.1964108851826
"AL74HB",51.783317098108,-0.19214131574784
"AL74HD",51.783288954683,-0.18856101167696
"AL74HE",51.783799608656,-0.1866845682449
"AL74HF",51.78462124908,-0.18398358794176
"AL74HG",51.784149386316,-0.18429254046782
"AL74HH",51.782842470843,-0.18235857899192
"AL74HJ",51.780516814212,-0.18783112978536
"AL74HL",51.782157579919,-0.18925880689799
"AL74HN",51.782807810762,-0.18943576143987
"AL74HP",51.783309048145,-0.19512857874442
"AL74HQ",51.782511860879,-0.1842423017629
"AL74HR",51.783392996851,-0.19708269216829
"AL74HS",51.783862032466,-0.19775998398142
"AL74HT",51.784644973566,-0.20073030278293
"AL74HW",51.782955960839,-0.19263424199663
"AL74HX",51.782511860879,-0.1842423017629
"AL74HZ",51.781661355724,-0.19032262004528
"AL74JA",51.780693819521,-0.19056432530421
"AL74JB",51.780696845142,-0.18959277908148
"AL74JH",51.788189451877,-0.19552829108135
"AL74JJ",51.789538036874,-0.1955034630286
"AL74JL",51.789787951284,-0.1965521174679
"AL74JN",51.788362795239,-0.1962754412127
"AL74JP",51.786075227416,-0.19488764615191
"AL74JQ",51.78333927425,-0.18599254250006
"AL74JR",51.786801525882,-0.19416260693539
"AL74JS",51.785082748541,-0.19350624363627
"AL74JT",51.783719974173,-0.19377818980539
"AL74JU",51.783978000214,-0.19476837717881
"AL74JW",51.786230549466,-0.19446092580612
"AL74JX",51.784314870092,-0.1926959218926
"AL74JY",51.783851823364,-0.19240993310539
"AL74JZ",51.784491797711,-0.19192034450996
"AL74LA",51.784476635558,-0.19093494452269
"AL74LB",51.784792220259,-0.1898203023972
"AL74LD",51.783974743972,-0.18812753838015
"AL74LE",51.783738333378,-0.18854300816903
"AL74LF",51.784202388908,-0.18772691555436
"AL74LG",51.784746385034,-0.18742960701044
"AL74LH",51.783661730531,-0.19057605405063
"AL74LJ",51.784203056781,-0.19010489040547
"AL74LL",51.785688895911,-0.19549759034292
"AL74LP",51.78333927425,-0.18599254250006
"AL74LQ",51.783991209885,-0.18977987190896
"AL74LR",51.78333927425,-0.18599254250006
"AL74LT",51.789808121174,-0.18792274043212
"AL74LU",51.789900178071,-0.18864414217962
"AL74LX",51.789013864314,-0.18773705504224
"AL74LY",51.789473441635,-0.186631002934
"AL74LZ",51.788861840692,-0.18662653338378
"AL74NA",51.789849869668,-0.19063290746284
"AL74NB",51.790219640988,-0.1930399299303
"AL74ND",51.790404422032,-0.19043668652339
"AL74NE",51.790157801694,-0.1896054477125
"AL74NF",51.788726932049,-0.19012679747978
"AL74NG",51.788572006914,-0.19116260000638
"AL74NH",51.789409421454,-0.1929853063931
"AL74NJ",51.78887668728,-0.19460176634976
"AL74NL",51.78910473465,-0.19305549197835
"AL74NN",51.788653050331,-0.19350858912518
"AL74NP",51.787703847642,-0.19435858191839
"AL74NQ",51.789602319077,-0.19207848794762
"AL74NR",51.787421002065,-0.19409435923926
"AL74NS",51.787502121885,-0.19235099156623
"AL74NT",51.788323260021,-0.19311573062307
"AL74NU",51.788269036021,-0.19192879066043
"AL74NW",51.788467793268,-0.19432806877038
"AL74NX",51.787308256157,-0.19202522019806
"AL74NY",51.786870911093,-0.19282575655509
"AL74NZ",51.786342871204,-0.19299187064913
"AL74PA",51.790813101671,-0.19069586676893
"AL74PH",51.788292152719,-0.17770206168182
"AL74PJ",51.789255374349,-0.17950494257963
"AL74PL",51.788826430641,-0.1802617936713
"AL74PN",51.788608261975,-0.18011106000182
"AL74PP",51.787749061645,-0.17979762028197
"AL74PQ",51.788802412312,-0.17639085850482
"AL74PR",51.787845697777,-0.1773285257211
"AL74PS",51.787662575496,-0.17827848292204
"AL74PT",51.787347564186,-0.17710209138342
"AL74PW",51.788242037739,-0.17911071041077
"AL74PX",51.787837563782,-0.18086714513613
"AL74PY",51.786937704038,-0.18025081341887
"AL74PZ",51.786863354962,-0.17893422592572
"AL74QA",51.785938966637,-0.18021851030606
"AL74QB",51.786479352056,-0.17968923237992
"AL74QD",51.785810883631,-0.18065868201385
"AL74QE",51.786987071707,-0.18227895473551
"AL74QF",51.787476231192,-0.18192576215592
"AL74QG",51.785841316573,-0.1837895757442
"AL74QH",51.785051946747,-0.18450279916908
"AL74QJ",51.785560239434,-0.18364136204236
"AL74QL",51.785041678482,-0.1832561866881
"AL74QQ",51.785557003929,-0.18517854001979
"AL74RA",51.787550882082,-0.17513624352988
"AL74RB",51.789530831833,-0.17523033743585
"AL74RD",51.789343229289,-0.17589048608687
"AL74RE",51.788117330378,-0.1757079309054
"AL74RF",51.786891439703,-0.17610542033479
"AL74RG",51.785599267872,-0.17802811101656
"AL74RH",51.783889899047,-0.18379546380726
"AL74RJ",51.783451554633,-0.1833635782641
"AL74RL",51.784910148854,-0.17824438464071
"AL74RN",51.786375756617,-0.1747486548986
"AL74RP",51.785252780885,-0.17540300670238
"AL74RQ",51.784946748544,-0.18002644274329
"AL74RR",51.785090340156,-0.17594607405441
"AL74RS",51.784173848206,-0.17715755029903
"AL74RT",51.784548178823,-0.17751946223177
"AL74RU",51.78389230276,-0.17582040724305
"AL74RW",51.785961219052,-0.1752729117282
"AL74RX",51.784374269698,-0.17790347449333
"AL74RY",51.783797492865,-0.17840521492448
"AL74RZ",51.783221378553,-0.1795304033117
"AL74SA",51.783930271102,-0.17942936134455
"AL74SB",51.783693205656,-0.1803813979732
"AL74SD",51.784998157902,-0.18160490385645
"AL74SE",51.782945927769,-0.17800453320302
"AL74SG",51.784599332664,-0.20303763700779
"AL74SH",51.784773071001,-0.2038137408506
"AL74SJ",51.790764852713,-0.20279255015353
"AL74SL",51.789859982117,-0.20301704873999
"AL74SN",51.790123154753,-0.20376068489802
"AL74SP",51.790165480918,-0.20535421136299
"AL74SQ",51.785235694816,-0.20760894338093
"AL74SR",51.789274680598,-0.20591163372269
"AL74SS",51.788662773543,-0.20529785611201
"AL74ST",51.788944445119,-0.20372051145693
"AL74SU",51.789384396536,-0.20367402639251
"AL74SW",51.790635629712,-0.20492948861257
"AL74SX",51.784476898987,-0.2067980205892
"AL74SY",51.785486163635,-0.20870104308369
"AL74SZ",51.789509464312,-0.20303098240536
"AL74TA",51.788798997885,-0.20303022083887
"AL74TB",51.788582852631,-0.20595359123812
"AL74TD",51.788524187582,-0.20093844558822
"AL74TE",51.788706927864,-0.20171425051035
"AL74TF",51.789433157601,-0.19922007770189
"AL74TG",51.788236142312,-0.19974630212983
"AL74TH",51.788307811842,-0.19855434084398
"AL74TJ",51.788302456084,-0.19703191685152
"AL74TL",51.786975812885,-0.19614226688001
"AL74TN",51.786693324138,-0.19648705640416
"AL74TP",51.787870186679,-0.19816574665466
"AL74TQ",51.78903514235,-0.19848185248176
"AL74TR",51.788372926313,-0.19752215162678
"AL74TS",51.789563068685,-0.19772122627395
"AL74TT",51.784956927228,-0.20820000335689
"AL74TU",51.785580091255,-0.20601474445436
"AL74TW",51.788872161648,-0.20723274113257
"AL74TX",51.785756166935,-0.20812482706483
"AL74TY",51.775261075621,-0.190506233923
"AL74TZ",51.783762911135,-0.20362187298923
"AL74YZ",51.804007242733,-0.19428735951427
"AL74ZE",51.804007242733,-0.19428735951427
"AL74ZL",51.804007242733,-0.19428735951427
"AL79BN",51.804007242733,-0.19428735951427
"AL79DA",51.804007242733,-0.19428735951427
"AL79DP",51.804007242733,-0.19428735951427
"AL79FF",51.804007242733,-0.19428735951427
"AL79FQ",51.804007242733,-0.19428735951427
"AL79FZ",51.804007242733,-0.19428735951427
"AL79GA",51.804007242733,-0.19428735951427
"AL79GG",51.804007242733,-0.19428735951427
"AL79GJ",51.804007242733,-0.19428735951427
"AL79GL",51.804007242733,-0.19428735951427
"AL79GN",51.804007242733,-0.19428735951427
"AL79GP",51.804007242733,-0.19428735951427
"AL79GS",51.804007242733,-0.19428735951427
"AL79GZ",51.804007242733,-0.19428735951427
"AL79HL",51.804007242733,-0.19428735951427
"AL79HR",51.804007242733,-0.19428735951427
"AL79HW",51.804007242733,-0.19428735951427
"AL79HX",51.804007242733,-0.19428735951427
"AL79JD",51.804007242733,-0.19428735951427
"AL79JE",51.804007242733,-0.19428735951427
"AL79JG",51.804007242733,-0.19428735951427
"AL79JH",51.804007242733,-0.19428735951427
"AL79JJ",51.804007242733,-0.19428735951427
"AL79JN",51.804007242733,-0.19428735951427
"AL79JQ",51.804007242733,-0.19428735951427
"AL79JT",51.804007242733,-0.19428735951427
"AL79JW",51.804007242733,-0.19428735951427
"AL79JX",51.804007242733,-0.19428735951427
"AL79JZ",51.804007242733,-0.19428735951427
"AL79LA",51.804007242733,-0.19428735951427
"AL79LB",51.804007242733,-0.19428735951427
"AL79LD",51.804007242733,-0.19428735951427
"AL79LE",51.804007242733,-0.19428735951427
"AL79LF",51.804007242733,-0.19428735951427
"AL79LG",51.804007242733,-0.19428735951427
"AL79LH",51.804007242733,-0.19428735951427
"AL79LJ",51.804007242733,-0.19428735951427
"AL79LL",51.804007242733,-0.19428735951427
"AL79SA",51.80372086579,-0.20377139018739
"AL86AA",51.801581194272,-0.20558260948431
"AL86AB",51.800731784563,-0.20296187297304
"AL86AD",51.804007242733,-0.19428735951427
"AL86AE",51.80372086579,-0.20377139018739
"AL86AG",51.805444809867,-0.20418157541846
"AL86AH",51.805444809867,-0.20418157541846
"AL86AJ",51.804989852702,-0.20501203169985
"AL86AL",51.801830497929,-0.20600787815902
"AL86AN",51.804007242733,-0.19428735951427
"AL86AP",51.801415124634,-0.2047188741425
"AL86AQ",51.804946532802,-0.20276522339632
"AL86AT",51.801415124634,-0.2047188741425
"AL86AW",51.801830497929,-0.20600787815902
"AL86BA",51.801335474053,-0.20421434691755
"AL86BB",51.801206674217,-0.20343617189494
"AL86BE",51.800360310941,-0.20219336668362
"AL86BH",51.800999072145,-0.20633099482295
"AL86BJ",51.800718738314,-0.20505115256871
"AL86BL",51.801984309896,-0.20547956663218
"AL86BP",51.800419086413,-0.20368506272619
"AL86BQ",51.800978663727,-0.20617224594124
"AL86BW",51.800661049466,-0.20480685464664
"AL86BX",51.80508498671,-0.20653145368258
"AL86BY",51.80508498671,-0.20653145368258
"AL86DB",51.792403867899,-0.20706366346577
"AL86DD",51.799844413977,-0.20433162204976
"AL86DE",51.80356571336,-0.20715750164372
"AL86DF",51.784749670622,-0.21941682436217
"AL86DG",51.80416625916,-0.20349256820967
"AL86DP",51.804007242733,-0.19428735951427
"AL86DQ",51.792086795081,-0.20809141575268
"AL86DU",51.798200534533,-0.20739936766621
"AL86DX",51.797994776223,-0.2080602274916
"AL86EA",51.798872819029,-0.20548709049893
"AL86EB",51.797934564358,-0.20529227765694
"AL86ED",51.79910511359,-0.20656572303938
"AL86EE",51.79858147646,-0.20702164191416
"AL86EF",51.797703845952,-0.20608467301133
"AL86EG",51.797378823191,-0.20659071780257
"AL86EH",51.796675950043,-0.20767740031697
"AL86EJ",51.795847685009,-0.20702857289395
"AL86EL",51.794482667938,-0.20715523983684
"AL86EN",51.794503811435,-0.20795208158856
"AL86EP",51.792894872419,-0.20682664545611
"AL86EQ",51.796979319893,-0.207520328218
"AL86ET",51.793232051916,-0.20888717943311
"AL86EU",51.793602312683,-0.2089885308862
"AL86EX",51.794339145274,-0.20953946210195
"AL86EY",51.794927847932,-0.20863143251917
"AL86HA",51.800731784563,-0.20296187297304
"AL86HF",51.794914331712,-0.2142447861793
"AL86HG",51.803033010795,-0.20701907272869
"AL86HH",51.799115057942,-0.20898762347874
"AL86HJ",51.798776303867,-0.21036448620813
"AL86HL",51.79793729941,-0.20959997093987
"AL86HN",51.796445851787,-0.21028272405896
"AL86HP",51.794733237015,-0.21120623887145
"AL86HQ",51.800837302975,-0.20810706461019
"AL86HR",51.795049623436,-0.21190438588672
"AL86HS",51.794955658067,-0.2128218186801
"AL86HT",51.795237405964,-0.21360837046134
"AL86HU",51.793175262069,-0.21342882119586
"AL86HW",51.795977778773,-0.21202720573981
"AL86HX",51.794105794972,-0.21311647995612
"AL86HY",51.793406692403,-0.21268002469904
"AL86HZ",51.793296806742,-0.21195922568538
"AL86JA",51.792790135794,-0.21116711628621
"AL86JB",51.794298020948,-0.21038227740705
"AL86JD",51.796253516701,-0.20946362181939
"AL86JE",51.80356571336,-0.20715750164372
"AL86JF",51.798499631218,-0.20814174060223
"AL86JG",51.797713799508,-0.20850649800854
"AL86JL",51.80218978197,-0.20597910761097
"AL86JN",51.800942351183,-0.20673939614189
"AL86JQ",51.799658301138,-0.20745757950961
"AL86JR",51.796160101619,-0.20569633148672
"AL86JS",51.794785958908,-0.20640353704456
"AL86JT",51.794059949923,-0.20656287574627
"AL86JU",51.796775307163,-0.21243077376597
"AL86JW",51.796058967022,-0.20849957644335
"AL86JX",51.796381833296,-0.21257687174347
"AL86JY",51.797878534053,-0.21164741367575
"AL86JZ",51.797038642548,-0.21674257419617
"AL86LA",51.797622842501,-0.21671952218401
"AL86LB",51.797605136836,-0.217924074305
"AL86LD",51.796162530228,-0.21886568974492
"AL86LE",51.79626053223,-0.219398468926
"AL86LG",51.796683861474,-0.22122379274051
"AL86LH",51.794250784171,-0.2191150659735
"AL86LJ",51.794367006597,-0.22204013558263
"AL86LL",51.793604790818,-0.22040227726449
"AL86LN",51.794877050686,-0.21830720687123
"AL86LP",51.796372356491,-0.2208444489578
"AL86LQ",51.794436926488,-0.22071759082682
"AL86LW",51.794537073234,-0.21901676590879
"AL86LY",51.803461553867,-0.20386873609703
"AL86NA",51.801743937415,-0.20328425997103
"AL86ND",51.801985273694,-0.20318762946001
"AL86NE",51.799844413977,-0.20433162204976
"AL86NH",51.801443896833,-0.20365882835572
"AL86NQ",51.802021667315,-0.2032151936482
"AL86NS",51.800165089779,-0.20413031279042
"AL86NT",51.799397420889,-0.20568383093086
"AL86NU",51.800370788791,-0.20464432395774
"AL86NY",51.800513705246,-0.20458062484358
"AL86PA",51.800704659336,-0.20471809045287
"AL86PB",51.800538629042,-0.20562401062245
"AL86PD",51.801441996818,-0.2041230803875
"AL86PG",51.801759975049,-0.2049227570162
"AL86PH",51.802081846019,-0.20538865867473
"AL86PL",51.800591227172,-0.20553489053168
"AL86PQ",51.804007242733,-0.19428735951427
"AL86PR",51.799511688329,-0.20609993560185
"AL86PS",51.800265680829,-0.20541727218861
"AL86PU",51.801443896833,-0.20365882835572
"AL86PZ",51.799844413977,-0.20433162204976
"AL86QA",51.802419128069,-0.20804433433347
"AL86QJ",51.800699092822,-0.20906989302494
"AL86QL",51.801129616535,-0.20899480800343
"AL86QN",51.801599777031,-0.20857001694605
"AL86QR",51.803038020963,-0.20852750008962
"AL86QS",51.802813619275,-0.20914564708142
"AL86QT",51.802312363195,-0.20989080325445
"AL86QU",51.802477845186,-0.21190055830501
"AL86QW",51.802895252048,-0.20801094562843
"AL86QX",51.802214609164,-0.21233164207465
"AL86QY",51.802042795211,-0.21049621639622
"AL86QZ",51.801540810567,-0.21060312985812
"AL86RA",51.80110227802,-0.20956160204813
"AL86RB",51.800612051336,-0.21103154985048
"AL86RD",51.800326424119,-0.2040948906689
"AL86RE",51.799165920453,-0.21114681883505
"AL86RF",51.800097437604,-0.2120817830322
"AL86RG",51.800146457819,-0.21116602313244
"AL86RH",51.800097048065,-0.21028316975482
"AL86RJ",51.799904933266,-0.20947849797349
"AL86RP",51.798444638322,-0.21279987871347
"AL86RQ",51.799569262231,-0.21105832770825
"AL86RR",51.799122680232,-0.21303414872916
"AL86RS",51.799529328878,-0.21316311706157
"AL86RT",51.799614965256,-0.2152484378768
"AL86RU",51.799976673237,-0.21537920223851
"AL86RX",51.798872791117,-0.21671371168896
"AL86RY",51.799227049058,-0.21694631319247
"AL86SA",51.800554334807,-0.20665325801934
"AL86SE",51.803098482783,-0.21013527299713
"AL86SF",51.802682521533,-0.21116716352818
"AL86SG",51.803186308519,-0.20940649067135
"AL86SH",51.800851739927,-0.21200842171911
"AL86SJ",51.801002376754,-0.21245212731475
"AL86SL",51.800357162276,-0.2143778255102
"AL86SN",51.800005720284,-0.2137389861901
"AL86SP",51.798515308138,-0.2138994302952
"AL86SQ",51.803242623818,-0.21133356779342
"AL86SR",51.799033590777,-0.21486526678588
"AL86SS",51.798085518756,-0.21520731005519
"AL86ST",51.797879688455,-0.21231456839632
"AL86SU",51.798209636576,-0.21272214567226
"AL86SW",51.799384071106,-0.21425672344335
"AL86SY",51.797130623433,-0.21509998047091
"AL86SZ",51.795623586408,-0.21594269398784
"AL86TA",51.794792130344,-0.21626558136106
"AL86TB",51.795499767999,-0.21667276081907
"AL86TD",51.793244160784,-0.21915472774171
"AL86TE",51.793091792428,-0.2185951215124
"AL86TF",51.792315817005,-0.22020648210168
"AL86TG",51.792344982034,-0.22094496448416
"AL86TL",51.797404317413,-0.21358073409864
"AL86TN",51.797548515534,-0.21300936840612
"AL86TP",51.803074603391,-0.20503009531451
"AL86TR",51.803074603391,-0.20503009531451
"AL86TS",51.803074603391,-0.20503009531451
"AL86TU",51.799844413977,-0.20433162204976
"AL86UB",51.80356571336,-0.20715750164372
"AL86UG",51.804021276305,-0.20931537504974
"AL86UH",51.803780835215,-0.21183448634431
"AL86UJ",51.804655553339,-0.21021865472632
"AL86UL",51.804646215292,-0.2090149823156
"AL86UN",51.802575575747,-0.20297557885233
"AL86UR",51.804177174201,-0.21187682588031
"AL86UX",51.790571530586,-0.21963707216221
"AL86UZ",51.792164172521,-0.21554264460034
"AL86WB",51.804007242733,-0.19428735951427
"AL86WW",51.790607280825,-0.22081032668106
"AL86WX",51.80372086579,-0.20377139018739
"AL86WY",51.804007242733,-0.19428735951427
"AL86XA",51.792812281904,-0.20907784625441
"AL86XB",51.792669267352,-0.21031624125671
"AL86XD",51.792252583686,-0.2107098058107
"AL86XE",51.790231295254,-0.21144239983082
"AL86XF",51.7867158674,-0.21564169300992
"AL86XG",51.792773147059,-0.21241502233789
"AL86XH",51.791519148095,-0.21392934746676
"AL86XJ",51.79076752388,-0.21477116151661
"AL86XL",51.790005397142,-0.21610642366775
"AL86XN",51.790900045241,-0.21698475045009
"AL86XP",51.792153354002,-0.21898016620503
"AL86XQ",51.79216159176,-0.21300480607047
"AL86XR",51.791683811947,-0.21944823981033
"AL86XS",51.792279603861,-0.21840959238608
"AL86XT",51.791287615645,-0.21704197396784
"AL86XU",51.791488775309,-0.21548229367023
"AL86XW",51.791353667299,-0.21902617694766
"AL86XX",51.791528175639,-0.21452358561295
"AL86XY",51.791879976862,-0.2140021044964
"AL86XZ",51.792620157198,-0.21595972279672
"AL86YA",51.792725474203,-0.2181599752352
"AL86YB",51.791756048451,-0.21650141127309
"AL86YD",51.792382988162,-0.21633164827992
"AL86YE",51.791819428896,-0.21712251380409
"AL86YF",51.793309653236,-0.21754232793948
"AL86YG",51.793448644289,-0.21781240229081
"AL86YH",51.792264465357,-0.21385638954982
"AL86YJ",51.793144236743,-0.22265384427902
"AL86YL",51.791388326558,-0.22012698303632
"AL86YN",51.792429165474,-0.22234840224804
"AL86YP",51.790623648259,-0.21773525554651
"AL86YQ",51.793067122073,-0.21578255024216
"AL86YR",51.789881403917,-0.21801104987103
"AL86YS",51.793297467565,-0.22208220711693
"AL86YT",51.793583320879,-0.22195493933818
"AL86YU",51.789629041605,-0.2167883536362
"AL86YX",51.791789721738,-0.2222865353952
"AL87AA",51.81214938155,-0.19919961418548
"AL87AB",51.812443424356,-0.19960865370721
"AL87AD",51.813873886572,-0.19905830958809
"AL87AE",51.814318255709,-0.19812648177802
"AL87AF",51.81532908625,-0.19836184280677
"AL87AG",51.81551792293,-0.19777390779398
"AL87AH",51.814503089486,-0.19727754375336
"AL87AJ",51.814413306259,-0.19670073956658
"AL87AL",51.813677215332,-0.1967881668186
"AL87AN",51.813784306199,-0.19732074255072
"AL87AP",51.812237137772,-0.19847066581049
"AL87AQ",51.814876076524,-0.19579716159625
"AL87AT",51.818802631702,-0.20262012655373
"AL87AW",51.812536145285,-0.19744310348444
"AL87AX",51.813220589953,-0.22231372716401
"AL87AY",51.813328432948,-0.22111971996779
"AL87AZ",51.814182702095,-0.22111509320709
"AL87BA",51.803639162017,-0.21375491229962
"AL87BB",51.802927052629,-0.21542223914959
"AL87BD",51.803130062729,-0.2157623658678
"AL87BE",51.803950393121,-0.21648429874506
"AL87BG",51.804077034945,-0.21534780518428
"AL87BH",51.802966656918,-0.21862649670151
"AL87BJ",51.802868211311,-0.21806464599881
"AL87BL",51.802398849831,-0.21735786630742
"AL87BN",51.801503764139,-0.2164503204722
"AL87BP",51.80181670249,-0.21989030332679
"AL87BQ",51.805039078383,-0.21829817330394
"AL87BS",51.800770123811,-0.2178862892506
"AL87BT",51.800822926761,-0.21721696337844
"AL87BU",51.804876001461,-0.21881233496622
"AL87BW",51.800517204842,-0.21959337124964
"AL87DF",51.803285733158,-0.2129855557462
"AL87DG",51.803268810943,-0.2124640059377
"AL87DH",51.801055818349,-0.21478537833791
"AL87DJ",51.801637023608,-0.21278965984971
"AL87DL",51.80099348308,-0.21364191820927
"AL87DN",51.801217193132,-0.21534471427631
"AL87DP",51.799777104319,-0.21823005528612
"AL87DQ",51.802771543045,-0.21406482443187
"AL87DR",51.799572343274,-0.21777397239627
"AL87DS",51.798388202718,-0.21915508707154
"AL87DW",51.802048900883,-0.21563099005932
"AL87EA",51.81649456611,-0.20871927105819
"AL87EB",51.817265362401,-0.20913852589542
"AL87ED",51.817905500313,-0.21160899676578
"AL87EE",51.818721169025,-0.21143158345785
"AL87EF",51.81635834172,-0.20981294658051
"AL87EG",51.81663178659,-0.21064370957057
"AL87EH",51.816645301127,-0.21212323351486
"AL87EJ",51.815978944986,-0.21265746912242
"AL87EL",51.817080335058,-0.21352804218574
"AL87EN",51.81715533522,-0.21136300360653
"AL87EP",51.817232791199,-0.20995240993149
"AL87EQ",51.816358799215,-0.21220712711645
"AL87EW",51.817547097792,-0.21169574340675
"AL87HA",51.811357342841,-0.19798344178996
"AL87HB",51.811849914527,-0.20019815635689
"AL87HD",51.812183669144,-0.20202749682463
"AL87HE",51.81386545824,-0.20203309584817
"AL87HF",51.816374665293,-0.20027902506936
"AL87HG",51.816161173667,-0.199257304891
"AL87HH",51.814650603042,-0.200449295117
"AL87HJ",51.813610484336,-0.20065034059293
"AL87HL",51.813417852463,-0.20216698895488
"AL87HN",51.812836541086,-0.20237874679099
"AL87HP",51.811433344328,-0.2035372537677
"AL87HQ",51.815537373089,-0.1996304185368
"AL87HR",51.81106251084,-0.20398726038445
"AL87HS",51.810467075448,-0.20504103241632
"AL87HT",51.810844948044,-0.20623022505545
"AL87HU",51.811189353412,-0.20640516060401
"AL87HW",51.81291744035,-0.20120028136805
"AL87HX",51.810438292822,-0.20610128951759
"AL87HY",51.810105044816,-0.20430098674467
"AL87HZ",51.810000671246,-0.20276725970606
"AL87JA",51.810714137488,-0.20237616040772
"AL87JB",51.811512140043,-0.20280868234427
"AL87JD",51.811449568686,-0.20224533132265
"AL87JE",51.810891563985,-0.1992787768622
"AL87JP",51.807063067285,-0.20591615647738
"AL87JQ",51.806111042826,-0.20599748373337
"AL87JS",51.807229574858,-0.20857889978683
"AL87JT",51.808360985077,-0.20728636881496
"AL87JU",51.807823860459,-0.20685794939076
"AL87JW",51.806791167756,-0.20695696745913
"AL87JX",51.80617360255,-0.20833063123303
"AL87JY",51.806558153012,-0.20877960946432
"AL87JZ",51.80566945283,-0.21065721558964
"AL87LA",51.805802939674,-0.21292951230399
"AL87LB",51.806649106486,-0.21061841481529
"AL87LD",51.806123850565,-0.2103780925774
"AL87LE",51.807213058959,-0.20985620232713
"AL87LF",51.808630610941,-0.20904562254019
"AL87LG",51.807276535547,-0.21107230673899
"AL87LH",51.807826140573,-0.20936766648529
"AL87LJ",51.809147609555,-0.20992462039018
"AL87LU",51.822233680628,-0.20116293888151
"AL87LW",51.82149153118,-0.20733106322347
"AL87LX",51.820042376298,-0.20077135447026
"AL87LY",51.820679042081,-0.20241483166157
"AL87LZ",51.819726579644,-0.20246725913102
"AL87NA",51.820518669068,-0.2042787067709
"AL87NB",51.819605256447,-0.20453270070036
"AL87ND",51.81929174419,-0.20167193817831
"AL87NF",51.819012867379,-0.20401934139331
"AL87NG",51.819234771716,-0.20441683033898
"AL87NH",51.816919342961,-0.20826710815389
"AL87NJ",51.819209269456,-0.20864060930144
"AL87NL",51.819397042576,-0.20975052857098
"AL87NN",51.820043340558,-0.20672102817125
"AL87NQ",51.818708100062,-0.2082106474514
"AL87NR",51.821320929812,-0.20263598030812
"AL87NS",51.821587126711,-0.20181271253698
"AL87NU",51.808299815998,-0.20033959905216
"AL87NW",51.821690851387,-0.20330332033557
"AL87NX",51.818300504413,-0.20448300059515
"AL87PA",51.807594749335,-0.20363187324648
"AL87PB",51.808220654013,-0.20398418443236
"AL87PD",51.807026278926,-0.20468449636908
"AL87PE",51.806117259564,-0.20228344057507
"AL87PF",51.805913304484,-0.20306042478857
"AL87PG",51.80661512497,-0.20249574430439
"AL87PH",51.805068267213,-0.20190448656716
"AL87PJ",51.806300128908,-0.20130418951767
"AL87PL",51.807808161467,-0.20053327600586
"AL87PN",51.808018197286,-0.20191764240134
"AL87PP",51.808996293512,-0.20177715506134
"AL87PQ",51.807011363965,-0.20194320833582
"AL87PR",51.808973219662,-0.20026924778673
"AL87PS",51.80945011386,-0.19969894028491
"AL87PT",51.808513288776,-0.1990108853805
"AL87PU",51.809818265696,-0.19907492292048
"AL87PW",51.80835251772,-0.1996701433686
"AL87PX",51.809564715599,-0.19837413278897
"AL87PY",51.810297391687,-0.20099994210505
"AL87PZ",51.806168377089,-0.20386267335969
"AL87QA",51.80664731723,-0.19989767598283
"AL87QB",51.806558219734,-0.20053954137513
"AL87QG",51.814546280573,-0.20303618366178
"AL87QH",51.814746415284,-0.20436312156571
"AL87QJ",51.81519513105,-0.20430175153532
"AL87QL",51.815920151711,-0.20348937514273
"AL87QN",51.815572294178,-0.20367733307954
"AL87QP",51.814414662321,-0.20678491815574
"AL87QR",51.814790672916,-0.20903351724531
"AL87QS",51.816026695504,-0.20811389007118
"AL87QT",51.816246808659,-0.20662510955901
"AL87QU",51.815593285217,-0.20623026877155
"AL87QW",51.816010216152,-0.20467562852435
"AL87QX",51.815572893945,-0.20784169419028
"AL87QY",51.814904637852,-0.20707017054186
"AL87QZ",51.815386485395,-0.20564357267721
"AL87RA",51.816490940085,-0.20612206328059
"AL87RB",51.816931380145,-0.20492921851855
"AL87RD",51.817311815427,-0.20040129477092
"AL87RE",51.816604777111,-0.19886234653111
"AL87RF",51.816975723577,-0.20135787097694
"AL87RG",51.816639855022,-0.20115359166076
"AL87RH",51.814804719947,-0.20170550819937
"AL87RJ",51.81432038131,-0.20237772731754
"AL87RL",51.81449436803,-0.20199354987187
"AL87RQ",51.815866349075,-0.20291110930155
"AL87RT",51.80797183822,-0.20535779200616
"AL87RU",51.808395274904,-0.20481869139565
"AL87RX",51.809115300208,-0.20426779066456
"AL87RY",51.80911301416,-0.20235282807698
"AL87RZ",51.809520185681,-0.2042807117085
"AL87SB",51.810181935423,-0.20698196931267
"AL87SD",51.809480093557,-0.20754662657776
"AL87SE",51.809937419625,-0.20628077116122
"AL87SF",51.811296332051,-0.20811293637423
"AL87SG",51.811580384105,-0.20609945818671
"AL87SH",51.812213278307,-0.20632097491051
"AL87SJ",51.812035126071,-0.20525438974199
"AL87SL",51.810987471519,-0.20496231893264
"AL87SN",51.816156092995,-0.19599270014029
"AL87SQ",51.812246734607,-0.20733527501124
"AL87SR",51.80243531392,-0.2251170319981
"AL87ST",51.815758771911,-0.19647289525116
"AL87SU",51.813276222211,-0.21470866946132
"AL87TA",51.783502149407,-0.22314888232287
"AL87TB",51.784259748521,-0.22329310954196
"AL87TD",51.782139742166,-0.22285443647397
"AL87TE",51.782647656481,-0.22313896252283
"AL87TF",51.782885061631,-0.22337612517789
"AL87TG",51.783285997728,-0.2237228628882
"AL87TH",51.785804732079,-0.2249579507682
"AL87TJ",51.788689326953,-0.22600480073077
"AL87TL",51.792369271384,-0.22552681958692
"AL87TN",51.796758259746,-0.22793620413458
"AL87TP",51.795814445217,-0.22975716075105
"AL87TQ",51.78460456828,-0.22349706072763
"AL87TR",51.795517720854,-0.23155272126468
"AL87TS",51.793945687525,-0.23645824926914
"AL87TT",51.7928530444,-0.23316525900746
"AL87TU",51.788181506723,-0.22870745289957
"AL87TW",51.796638963059,-0.23195846901656
"AL87TX",51.787100244588,-0.22618316288299
"AL87TY",51.786038158722,-0.22612332921582
"AL87TZ",51.796638963059,-0.23195846901656
"AL87WD",51.804007242733,-0.19428735951427
"AL87WE",51.804007242733,-0.19428735951427
"AL87XA",51.78349195133,-0.22723820256227
"AL87XB",51.788024896423,-0.23503609332187
"AL87XD",51.791587516472,-0.24413494786288
"AL87XE",51.795724097725,-0.24833983000615
"AL87XF",51.801284506671,-0.24249619951714
"AL87XG",51.801284506671,-0.24249619951714
"AL87XH",51.803786783791,-0.24144145932487
"AL87XZ",51.804007242733,-0.19428735951427
"AL95AB",51.763416046208,-0.21395187765187
"AL95AD",51.762667560405,-0.21263356699887
"AL95AE",51.763248501907,-0.21298744355193
"AL95AF",51.762355455053,-0.21339952912519
"AL95AH",51.761670438845,-0.21093382350416
"AL95AJ",51.761897888311,-0.20992482639332
"AL95AL",51.761248346038,-0.20979110261841
"AL95AN",51.761587396301,-0.21138638096069
"AL95AP",51.760778060544,-0.21138938552735
"AL95AR",51.760494811551,-0.21109624122894
"AL95AS",51.761141364443,-0.21221559492943
"AL95AT",51.762550233453,-0.21201500143226
"AL95AW",51.761155814207,-0.21198314281575
"AL95AX",51.762153010689,-0.21191475393402
"AL95AY",51.762618999872,-0.21121516659841
"AL95AZ",51.762952647752,-0.21127444254781
"AL95BA",51.763208271905,-0.21152521566167
"AL95BB",51.76299388921,-0.21162064825339
"AL95BD",51.764035972189,-0.2109562398149
"AL95BE",51.762106796586,-0.21242383098132
"AL95BG",51.761660228558,-0.21203567543664
"AL95BL",51.76516332761,-0.21294080391659
"AL95BT",51.761884086245,-0.21256306423687
"AL95BW",51.766748250185,-0.21308112211038
"AL95BX",51.773295712028,-0.20838655156506
"AL95BY",51.773450291236,-0.21085933408137
"AL95BZ",51.773737400127,-0.2102246230147
"AL95DA",51.767830120555,-0.21385009476041
"AL95DB",51.767375187937,-0.21291141418983
"AL95DE",51.76956254892,-0.21363674075447
"AL95DF",51.768784360196,-0.21391388458356
"AL95DH",51.769767417312,-0.21232407063213
"AL95DJ",51.769490954191,-0.21188564295045
"AL95DL",51.772252873068,-0.2125447596351
"AL95DN",51.771640693383,-0.21368513721821
"AL95DP",51.772508840099,-0.21163587934095
"AL95DQ",51.769508360743,-0.21303007995775
"AL95DR",51.771396958866,-0.21125945791765
"AL95DS",51.770838618708,-0.21120905776364
"AL95DU",51.772275090403,-0.20868790740545
"AL95DW",51.773297515554,-0.21382265669406
"AL95DX",51.771717345001,-0.20808666789439
"AL95DY",51.772991641935,-0.21026862805277
"AL95DZ",51.770235669798,-0.2100007834719
"AL95EA",51.768614465694,-0.21102159873211
"AL95EB",51.770176835618,-0.21145265861156
"AL95ED",51.767907621557,-0.21244104524003
"AL95EF",51.763564082834,-0.21185899221224
"AL95EG",51.767843326917,-0.21471925635016
"AL95EH",51.767843326917,-0.21471925635016
"AL95EN",51.76560663008,-0.21370597054111
"AL95EP",51.76550662312,-0.21304319631462
"AL95ER",51.7639760671,-0.21292972189782
"AL95ES",51.764802937648,-0.21289706319936
"AL95EU",51.766192553164,-0.21320452911115
"AL95EX",51.7666085428,-0.21217349762845
"AL95EY",51.767071225607,-0.21125655651006
"AL95EZ",51.766597249609,-0.21084046624867
"AL95HA",51.765952170599,-0.21159068169494
"AL95HB",51.764715392387,-0.21187146708487
"AL95HE",51.76497334041,-0.21109310133947
"AL95HF",51.767980138615,-0.20952473187287
"AL95HG",51.768370419417,-0.21034998945006
"AL95HH",51.770043998649,-0.2092256145121
"AL95HJ",51.771051081509,-0.20744625590012
"AL95HL",51.771175344551,-0.20910834819386
"AL95HN",51.77175386813,-0.20930288341941
"AL95HQ",51.769449642804,-0.20858236139558
"AL95HW",51.772121868825,-0.2068964587711
"AL95HX",51.760577605099,-0.21299147166263
"AL95HY",51.760941476427,-0.21267275972198
"AL95HZ",51.760722069496,-0.21302924410765
"AL95JA",51.760151774083,-0.21455895838151
"AL95JD",51.762044146556,-0.21303500608092
"AL95JE",51.761163569417,-0.21308427239728
"AL95JF",51.761127218526,-0.21365091790408
"AL95JG",51.761849099089,-0.213810826849
"AL95JJ",51.775166123731,-0.22318644637843
"AL95JL",51.763829020555,-0.22458824066097
"AL95JN",51.771968506178,-0.21513629167357
"AL95JP",51.775574520912,-0.22045942949519
"AL95JS",51.763829020555,-0.22458824066097
"AL95JT",51.771768796097,-0.21501370809926
"AL95JW",51.773579948464,-0.21524666247514
"AL95JX",51.77519716399,-0.21692249554974
"AL95JY",51.775855084321,-0.21879570106157
"AL95LD",51.763829020555,-0.22458824066097
"AL95LP",51.770523022605,-0.21529479470124
"AL95LR",51.772698550558,-0.21642664529794
"AL95LZ",51.770622839929,-0.20649201908437
"AL95NA",51.767687967796,-0.20452113565418
"AL95NB",51.762332990598,-0.20955978282205
"AL95NE",51.760913814843,-0.20967390444886
"AL95NF",51.760103114712,-0.20722780357098
"AL95NG",51.75816252787,-0.21030444452077
"AL95NH",51.753761355265,-0.21007274323591
"AL95NJ",51.752527056084,-0.21110685864472
"AL95NL",51.755483208095,-0.21507641592003
"AL95NN",51.756255575538,-0.21678487602067
"AL95NQ",51.760103114712,-0.20722780357098
"AL95NT",51.774339014863,-0.20544586302434
"AL95NU",51.776295437789,-0.20223678708644
"AL95NW",51.756393708112,-0.21759093201179
"AL95NX",51.774232066538,-0.20139100658422
"AL95NY",51.772727017857,-0.20176977195527
"AL95NZ",51.773387005507,-0.20141011365889
"AL95PA",51.772009233903,-0.20129094431517
"AL95PB",51.772615151827,-0.2026874841046
"AL95PD",51.772481538589,-0.2033596194742
"AL95PE",51.773443937154,-0.19456548194863
"AL95PF",51.773710904814,-0.19087267977414
"AL95PG",51.771724948436,-0.18805290736901
"AL95PH",51.764312069985,-0.1843930193462
"AL95PJ",51.76864653099,-0.19898948811919
"AL95PL",51.764541214684,-0.21047246519839
"AL95PQ",51.767738720335,-0.18150150225985
"AL95RB",51.776727337862,-0.17193410033315
"AL95RE",51.776006785299,-0.15746579876605
"AL95RF",51.77367259976,-0.15313939504439
"AL95RG",51.772752223651,-0.15179981661188
"AL95RH",51.753452758343,-0.18817586403161
"AL95RL",51.777861823542,-0.15075011722674
"AL95RQ",51.759237230505,-0.17435076886754
"AL95SA",51.750278773619,-0.219396528135
"AL95SB",51.740832466786,-0.20910623724162
"AL95SD",51.741110810952,-0.21084805504373
"AL95SF",51.73705492164,-0.20495360647421
"AL96AA",51.766694138129,-0.14117645404345
"AL96AB",51.771355459312,-0.14933458965511
"AL96AD",51.772015279042,-0.15412032268527
"AL96AE",51.770764535697,-0.1523593905568
"AL96AF",51.770265800582,-0.15495997925115
"AL96AG",51.768319275898,-0.15241577601451
"AL96AH",51.765049886626,-0.15153471121731
"AL96AJ",51.764520557509,-0.15275931946475
"AL96AL",51.762465168912,-0.15301714776913
"AL96AN",51.763187805181,-0.15321954357029
"AL96AP",51.761754934421,-0.15303164507088
"AL96AQ",51.767498792142,-0.1517100533391
"AL96AR",51.762411816144,-0.1536280353282
"AL96AS",51.762591337198,-0.15360621678375
"AL96AT",51.762999867531,-0.15385042519147
"AL96AU",51.762961411348,-0.1548375361979
"AL96AW",51.762615568561,-0.15343131014562
"AL96AX",51.76308783942,-0.15831077265129
"AL96AY",51.762724971639,-0.15696318298766
"AL96AZ",51.760467389099,-0.16902589458602
"AL96BA",51.759116627156,-0.17006600272913
"AL96BL",51.738520396355,-0.19143862655912
"AL96DA",51.733282838139,-0.18770818863865
"AL96DB",51.733862569172,-0.18739531589429
"AL96DD",51.746114653175,-0.18994728747305
"AL96DE",51.734699194149,-0.18624655593644
"AL96DF",51.734723075233,-0.18546345483177
"AL96DG",51.736291569961,-0.18628418106232
"AL96DH",51.740443070757,-0.18956557917062
"AL96DJ",51.741263270083,-0.19553009280855
"AL96DL",51.745160414504,-0.19163700963294
"AL96DN",51.746200801028,-0.18911803712847
"AL96DP",51.744917259029,-0.18170834821463
"AL96DQ",51.739357757864,-0.18800106098815
"AL96DR",51.745419132331,-0.18333977887784
"AL96DS",51.745553617163,-0.17229479791462
"AL96DU",51.752745307757,-0.17500384607695
"AL96DW",51.745812100522,-0.18665618562252
"AL96DX",51.745544051612,-0.16648563357806
"AL96DZ",51.744575541904,-0.1632072488833
"AL96EA",51.745261712612,-0.17145181516723
"AL96EB",51.74471335994,-0.16396949029204
"AL96EE",51.738108046078,-0.16484566940787
"AL96EF",51.735250926758,-0.17194289821315
"AL96EG",51.739761810676,-0.1873764915613
"AL96EH",51.738075326932,-0.1789266698588
"AL96GH",51.752915015684,-0.15076967442121
"AL96GJ",51.752346854556,-0.15009737202457
"AL96GL",51.749922624459,-0.14977625538835
"AL96GZ",51.754986711889,-0.1544091448583
"AL96HA",51.761492705499,-0.15294089887758
"AL96HB",51.761380409664,-0.15209040975374
"AL96HD",51.761132282732,-0.15175271818311
"AL96HE",51.76152620347,-0.14992502709966
"AL96HG",51.761953554967,-0.15193656703011
"AL96HH",51.762796577938,-0.14893102580783
"AL96HJ",51.761895099429,-0.14879398864573
"AL96HL",51.75995422093,-0.15061246487381
"AL96HN",51.759359613499,-0.14483991588369
"AL96HP",51.756179192691,-0.15246218440809
"AL96HQ",51.762091174782,-0.1503946892963
"AL96HR",51.745472966887,-0.15562277471563
"AL96HS",51.760458012849,-0.15291067025922
"AL96HT",51.757183172633,-0.15282695875881
"AL96HU",51.753742232401,-0.1547641854691
"AL96HW",51.759873254776,-0.15232586284376
"AL96HY",51.750716197795,-0.15391675158095
"AL96HZ",51.761671630189,-0.15116546700679
"AL96JA",51.750358381935,-0.15117838992282
"AL96JB",51.746805541185,-0.1488605015798
"AL96JD",51.750297654644,-0.15418013670545
"AL96JE",51.746220155778,-0.16428507132795
"AL96JF",51.743488574314,-0.15868793290622
"AL96JG",51.742111397969,-0.16148189690016
"AL96JJ",51.736445608369,-0.1580327695056
"AL96JL",51.734722057416,-0.16340408290753
"AL96JN",51.733025729356,-0.15730282026531
"AL96JP",51.734365999914,-0.16651811517019
"AL96JQ",51.741678484861,-0.16197752598366
"AL96JR",51.761571044431,-0.15048841397912
"AL96JS",51.748344351656,-0.14949303311738
"AL96JW",51.732101757019,-0.16895606761107
"AL96JY",51.737468507231,-0.16650839794471
"AL96JZ",51.761703443434,-0.14975835893383
"AL96LA",51.71884706029,-0.17713661129828
"AL96LB",51.71546997186,-0.17567984841172
"AL96LZ",51.716019214603,-0.16417651892039
"AL96NA",51.731528115477,-0.18356379615103
"AL96ND",51.731090981627,-0.18146680516488
"AL96NE",51.728450320746,-0.1758813109925
"AL96NF",51.724950772038,-0.17522574300019
"AL96NG",51.725157236975,-0.17346521182258
"AL96NH",51.728355613277,-0.17094671116424
"AL96NJ",51.719166574296,-0.17512562915285
"AL96NL",51.717663921523,-0.16987243847825
"AL96NN",51.718501990375,-0.16940422569499
"AL96NP",51.717697062959,-0.167959905122
"AL96NQ",51.727080675059,-0.16992653233422
"AL96NR",51.715440445268,-0.1605225384064
"AL96NS",51.714890002373,-0.16500405957261
"AL96NT",51.716435462909,-0.16549166765841
"AL96NW",51.717075566498,-0.16789815604929
"AL96NX",51.7130051214,-0.16121493412726
"AL96NY",51.715688010038,-0.16657882290807
"AL96NZ",51.718074804087,-0.16853826933122
"AL96PR",51.723290315181,-0.17601663767459
"AL96PS",51.724815960105,-0.1763896533373
"AL96PT",51.727739147602,-0.17873392414185
"AL96WA",51.763829020555,-0.22458824066097
"AL96ZH",51.763829020555,-0.22458824066097
"AL96ZY",51.763829020555,-0.22458824066097
"AL97AA",51.721969030317,-0.18477235838486
"AL97AB",51.721846510989,-0.1855736687966
"AL97AD",51.720760169018,-0.18511037509614
"AL97AE",51.719634471245,-0.18152114123819
"AL97AF",51.718913022052,-0.18081165478258
"AL97AG",51.720247942487,-0.17990377463447
"AL97AH",51.721064177311,-0.18150720945395
"AL97AJ",51.719833857229,-0.17929779051269
"AL97AL",51.721342916159,-0.17744165298828
"AL97AN",51.72005341358,-0.17779758259425
"AL97AQ",51.720840544776,-0.18274696058341
"AL97AT",51.72649446702,-0.18547442868379
"AL97AU",51.72649446702,-0.18547442868379
"AL97AX",51.727601333634,-0.18493771432551
"AL97AY",51.729739006196,-0.18534447622028
"AL97AZ",51.732642762926,-0.19110845059285
"AL97BA",51.732953908492,-0.19730948201832
"AL97BB",51.732315010439,-0.19787079235501
"AL97BD",51.72883175261,-0.18076096800587
"AL97BL",51.726850014359,-0.17997164354124
"AL97BN",51.726944971442,-0.18203870990123
"AL97BP",51.724377119663,-0.17824638570133
"AL97BS",51.724743151816,-0.1774931387463
"AL97BT",51.722244540717,-0.17991046191552
"AL97BU",51.722701846783,-0.18330945078952
"AL97BW",51.727466796552,-0.17972963856904
"AL97BX",51.721955267968,-0.18213753427721
"AL97BY",51.722184600847,-0.17778428495969
"AL97BZ",51.722943615023,-0.17685597688131
"AL97DF",51.733347899217,-0.21664400454272
"AL97DG",51.733604150453,-0.21634424082635
"AL97DH",51.733984417235,-0.21473604087793
"AL97DJ",51.733226173897,-0.21514249946118
"AL97DL",51.733354007724,-0.21586164591062
"AL97DN",51.732361457136,-0.21742149072572
"AL97DQ",51.734484180376,-0.2138907533393
"AL97DR",51.729043662403,-0.22280910768118
"AL97DS",51.733103490586,-0.21713158529517
"AL97DT",51.763829020555,-0.22458824066097
"AL97DU",51.73376285393,-0.2161352182991
"AL97DW",51.732808885881,-0.21786735519837
"AL97DY",51.734180268169,-0.21697333152451
"AL97DZ",51.733408677182,-0.21887209902955
"AL97EA",51.733564767781,-0.21967705029537
"AL97EB",51.733691258477,-0.220309364641
"AL97ED",51.733828019587,-0.21805899990837
"AL97EE",51.732335178853,-0.21865360872493
"AL97EF",51.729137231413,-0.22423918557106
"AL97EG",51.729855439378,-0.22773028915461
"AL97EL",51.731602545053,-0.21778446594937
"AL97EN",51.72884624516,-0.22640844053944
"AL97EW",51.732374361585,-0.21649404822091
"AL97HB",51.739873006045,-0.2157931450532
"AL97HF",51.736780568822,-0.21232274795747
"AL97HJ",51.735140457092,-0.21802185136997
"AL97HN",51.739679617333,-0.21490265111681
"AL97HR",51.73483160924,-0.21959828887026
"AL97HT",51.73838184079,-0.21117314547704
"AL97HX",51.738946746837,-0.21106391951722
"AL97HZ",51.738826106699,-0.21022853000657
"AL97JA",51.735794571328,-0.20781354385837
"AL97JB",51.736976138925,-0.21276405853402
"AL97JE",51.73562788797,-0.21162953875149
"AL97JL",51.737922936868,-0.21292948776233
"AL97LA",51.723329920645,-0.18554323154859
"AL97LD",51.737201568295,-0.21398637975161
"AL97LE",51.737079565727,-0.21601907170695
"AL97LF",51.738099360851,-0.21625412005915
"AL97LG",51.738662679458,-0.21485582302641
"AL97LH",51.737462831792,-0.21875612147302
"AL97LJ",51.737305161743,-0.21666200756927
"AL97LL",51.736335140203,-0.21674365536669
"AL97LN",51.736132155909,-0.21699788473301
"AL97LP",51.736111251125,-0.21502880864025
"AL97LQ",51.737943549931,-0.21783913656608
"AL97LR",51.736056333678,-0.21792787958727
"AL97LS",51.736855172946,-0.21901177644739
"AL97LT",51.736102602315,-0.21860683272184
"AL97LU",51.736502901284,-0.21950362278451
"AL97LW",51.736130736155,-0.21453556569054
"AL97LY",51.737083826602,-0.22045127068211
"AL97LZ",51.736921385994,-0.22160195250903
"AL97NA",51.736559901608,-0.22148578414429
"AL97NB",51.736285663796,-0.22000463908672
"AL97ND",51.735965172363,-0.22140774597987
"AL97NE",51.735081512776,-0.21947259210195
"AL97NF",51.734449002392,-0.21631097211052
"AL97NG",51.735042555392,-0.214535008584
"AL97NH",51.735355270373,-0.2173616062593
"AL97NJ",51.735234895144,-0.21654074050465
"AL97NL",51.734942051661,-0.21739235337147
"AL97NN",51.734785861543,-0.20889631429665
"AL97NP",51.732506503013,-0.20921817651776
"AL97NR",51.732504794891,-0.20969619657663
"AL97NS",51.734550970252,-0.21000639154542
"AL97NT",51.73765308376,-0.21292565069881
"AL97NU",51.734318002528,-0.21065289352237
"AL97NW",51.734225972949,-0.20874464629949
"AL97NX",51.731398913331,-0.21030474152448
"AL97NY",51.732157339734,-0.20755191696847
"AL97NZ",51.732260243022,-0.20840236187668
"AL97PA",51.733028995308,-0.20809676846751
"AL97PB",51.733354255695,-0.20760593991361
"AL97PD",51.731167162851,-0.20985044194593
"AL97PE",51.731649829921,-0.20729681884812
"AL97PF",51.730315475947,-0.2094351333876
"AL97PG",51.731296666501,-0.21185846423446
"AL97PH",51.731858662465,-0.21096728821141
"AL97PJ",51.732553215544,-0.21583525272455
"AL97PL",51.732439737525,-0.21310236343401
"AL97PN",51.732908989921,-0.21557501973841
"AL97PP",51.732985167393,-0.21348638702262
"AL97PQ",51.73190298771,-0.21151589979289
"AL97PR",51.734137143094,-0.21354233968939
"AL97PS",51.734969402748,-0.21209006385327
"AL97PT",51.73345500632,-0.21126633286492
"AL97PU",51.732532524283,-0.21092619111588
"AL97PW",51.732808337679,-0.21486929340889
"AL97PX",51.733725686298,-0.21368892142564
"AL97PY",51.733242209803,-0.21205685262983
"AL97PZ",51.732773786818,-0.21259674735522
"AL97QA",51.732872211867,-0.21256389656602
"AL97QG",51.723106612795,-0.18972254150033
"AL97QH",51.721963266212,-0.19666072978347
"AL97QJ",51.72153938926,-0.19599704129906
"AL97QN",51.720612791906,-0.19832170913096
"AL97QQ",51.722584278969,-0.18909179616674
"AL97QR",51.721775855013,-0.20027370769809
"AL97QS",51.721192096132,-0.20032585107965
"AL97QT",51.721123839723,-0.20115390961163
"AL97QW",51.721883807977,-0.20086310153477
"AL97QX",51.723874442669,-0.19930703584407
"AL97QY",51.723865782052,-0.19991556796391
"AL97QZ",51.725793928074,-0.19956382142127
"AL97RB",51.763829020555,-0.22458824066097
"AL97RL",51.720237563873,-0.18737563161751
"AL97RN",51.719889947344,-0.18757776782685
"AL97RP",51.72141963648,-0.18763242760108
"AL97RR",51.7219232711,-0.18879965035522
"AL97RS",51.721893276899,-0.1897710128042
"AL97RT",51.721576630654,-0.1919846142434
"AL97RU",51.720723257078,-0.19497251445896
"AL97RW",51.721012230889,-0.18803967508277
"AL97RX",51.720803952789,-0.19612767580531
"AL97RY",51.719395446279,-0.19693666034066
"AL97RZ",51.719023396266,-0.19671979644145
"AL97SA",51.717576827918,-0.19797908145201
"AL97SB",51.720519582757,-0.19928106823069
"AL97SE",51.725347061021,-0.20444723946537
"AL97SL",51.726280685933,-0.21023177277559
"AL97SN",51.72643819271,-0.20699618281847
"AL97SS",51.721041986983,-0.20344496047437
"AL97ST",51.721916941861,-0.20244011025477
"AL97SU",51.721140453457,-0.20223923440931
"AL97SW",51.728415691257,-0.20869922074651
"AL97SX",51.716142008627,-0.1976596942253
"AL97SZ",51.713053979205,-0.21097120879233
"AL97TA",51.713738826012,-0.20870018107936
"AL97TB",51.712582374191,-0.21307451446809
"AL97TD",51.713519179544,-0.21494859283712
"AL97TE",51.713506759143,-0.21235764008695
"AL97TF",51.7139475164,-0.21118205999647
"AL97TG",51.714059005408,-0.22029848619009
"AL97TH",51.723028833328,-0.22291469261047
"AL97TJ",51.723645259536,-0.2232380509707
"AL97TL",51.713990296855,-0.21162917384714
"AL97TN",51.725251908154,-0.23077760574645
"AL97TP",51.722807843234,-0.22376321560869
"AL97TR",51.723391611268,-0.23684514697267
"AL97TS",51.723638495706,-0.22100831124321
"AL97TT",51.722091493778,-0.2198092786929
"AL97TU",51.71756595969,-0.21671487051584
"AL97TW",51.728474995887,-0.23340333853599
"AL97TX",51.718621970636,-0.21933744695437
"AL97TY",51.714129586801,-0.21902169351756
"AL97UG",51.719143625342,-0.20221709189442
"AL97UH",51.719179288083,-0.20043474000512
"AL97UJ",51.718748440231,-0.19990164482197
"AL97UL",51.717181129754,-0.20032585747009
"AL97UN",51.716802885389,-0.19853107545023
"AL97UP",51.720506811896,-0.2002082695376
"AL97UQ",51.719008937739,-0.20164327039983
"AL97UR",51.723542171873,-0.20227427424522
"AL97UT",51.725766256569,-0.20186744309721
"AL97UU",51.723749903968,-0.20174473024224
"AL97UW",51.718808923009,-0.19856716992165
"AL97UX",51.72353887967,-0.20088427135432
"AL97YZ",51.735068146821,-0.22037113859456
"AL97ZF",51.763829020555,-0.22458824066097
"AL97ZU",51.763829020555,-0.22458824066097
